No falsification in Initial Samples. Performing BO now
globalXtrain, globalYtrain : -1.704545969059706
_____________________________________ 0
_____________________________________
global dataset :  (60, 6) (60,)
_____________________________________
0
[2, 2, 2]
1
[2, 2, 2]
2
[2, 2, 2]
3
[2, 2, 2]
4
[2, 2, 2]
5
[2, 2, 2]
roots after dim:  [<bo.agent.partition.Node object at 0x14facdfc0>, <bo.agent.partition.Node object at 0x14fc11810>, <bo.agent.partition.Node object at 0x14fc13460>, <bo.agent.partition.Node object at 0x1529a10f0>, <bo.agent.partition.Node object at 0x1529a2d40>, <bo.agent.partition.Node object at 0x1529bc9d0>]
    |   -- [92m[0.  1.  0.  1.  0.  0.5 0.  0.5 0.  0.5 0.  1. ][[0. 0. 0. 0. 0. 0. 0. 0.]]6[0m
    |   -- [92m[0.  1.  0.  1.  0.  0.5 0.5 1.  0.  0.5 0.  1. ][[0. 0. 0. 0. 0. 0. 0. 0.]]7[0m
    |   -- [92m[0.  1.  0.  0.5 0.5 1.  0.  1.  0.  0.5 0.  1. ][[0. 0. 0. 0. 0. 0. 0. 0.]]2[0m
    |   -- [92m[0.  1.  0.5 1.  0.5 1.  0.  1.  0.  0.5 0.  1. ][[0. 0. 0. 0. 0. 0. 0. 0.]]0[0m
    |   -- [92m[0.   1.   0.   0.5  0.   1.   0.   1.   0.5  0.75 0.   1.  ][[0. 0. 0. 0. 0. 0. 0. 0.]]4[0m
    |   -- [92m[0.   1.   0.5  1.   0.   1.   0.   1.   0.5  0.75 0.   1.  ][[0. 0. 0. 0. 0. 0. 0. 0.]]1[0m
    |   -- [92m[0.   1.   0.   0.5  0.   1.   0.   1.   0.75 1.   0.   1.  ][[0. 0. 0. 0. 0. 0. 0. 0.]]3[0m
        -- [92m[0.   1.   0.5  1.   0.   1.   0.   1.   0.75 1.   0.   1.  ][[0. 0. 0. 0. 0. 0. 0. 0.]]5[0m
-- [92m[0. 1. 0. 1. 0. 1. 0. 1. 0. 1. 0. 1.][[0. 0. 0. 0. 0. 0. 0. 0.]]-1[0m
    |   -- [92m[0.   0.5  0.   0.25 0.   1.   0.   1.   0.   1.   0.   1.  ][[0. 0. 0. 0. 0. 0. 0. 0.]]6[0m
    |   -- [92m[0.   0.5  0.25 0.5  0.   1.   0.   1.   0.   1.   0.   1.  ][[0. 0. 0. 0. 0. 0. 0. 0.]]7[0m
    |   -- [92m[0.5  0.75 0.   0.5  0.   1.   0.   1.   0.   1.   0.   1.  ][[0. 0. 0. 0. 0. 0. 0. 0.]]2[0m
    |   -- [92m[0.75 1.   0.   0.5  0.   1.   0.   1.   0.   1.   0.   1.  ][[0. 0. 0. 0. 0. 0. 0. 0.]]0[0m
    |   -- [92m[0.   1.   0.5  1.   0.   1.   0.   0.25 0.   1.   0.   1.  ][[0. 0. 0. 0. 0. 0. 0. 0.]]4[0m
    |   -- [92m[0.   1.   0.5  1.   0.   1.   0.25 0.5  0.   1.   0.   1.  ][[0. 0. 0. 0. 0. 0. 0. 0.]]1[0m
    |   -- [92m[0.   1.   0.5  0.75 0.   1.   0.5  1.   0.   1.   0.   1.  ][[0. 0. 0. 0. 0. 0. 0. 0.]]3[0m
        -- [92m[0.   1.   0.75 1.   0.   1.   0.5  1.   0.   1.   0.   1.  ][[0. 0. 0. 0. 0. 0. 0. 0.]]5[0m
-- [92m[0. 1. 0. 1. 0. 1. 0. 1. 0. 1. 0. 1.][[0. 0. 0. 0. 0. 0. 0. 0.]]-1[0m
    |   -- [92m[0.  0.5 0.  0.5 0.  0.5 0.  1.  0.  1.  0.  1. ][[0. 0. 0. 0. 0. 0. 0. 0.]]6[0m
    |   -- [92m[0.5 1.  0.  0.5 0.  0.5 0.  1.  0.  1.  0.  1. ][[0. 0. 0. 0. 0. 0. 0. 0.]]7[0m
    |   -- [92m[0.   1.   0.   0.5  0.5  0.75 0.   1.   0.   1.   0.   1.  ][[0. 0. 0. 0. 0. 0. 0. 0.]]2[0m
    |   -- [92m[0.   1.   0.   0.5  0.75 1.   0.   1.   0.   1.   0.   1.  ][[0. 0. 0. 0. 0. 0. 0. 0.]]0[0m
    |   -- [92m[0.   0.5  0.5  0.75 0.   1.   0.   1.   0.   1.   0.   1.  ][[0. 0. 0. 0. 0. 0. 0. 0.]]4[0m
    |   -- [92m[0.5  1.   0.5  0.75 0.   1.   0.   1.   0.   1.   0.   1.  ][[0. 0. 0. 0. 0. 0. 0. 0.]]1[0m
    |   -- [92m[0.    1.    0.75  0.875 0.    1.    0.    1.    0.    1.    0.    1.   ][[0. 0. 0. 0. 0. 0. 0. 0.]]3[0m
        -- [92m[0.    1.    0.875 1.    0.    1.    0.    1.    0.    1.    0.    1.   ][[0. 0. 0. 0. 0. 0. 0. 0.]]5[0m
-- [92m[0. 1. 0. 1. 0. 1. 0. 1. 0. 1. 0. 1.][[0. 0. 0. 0. 0. 0. 0. 0.]]-1[0m
    |   -- [92m[0.   1.   0.   0.25 0.   1.   0.   0.5  0.   1.   0.   1.  ][[0. 0. 0. 0. 0. 0. 0. 0.]]6[0m
    |   -- [92m[0.   1.   0.25 0.5  0.   1.   0.   0.5  0.   1.   0.   1.  ][[0. 0. 0. 0. 0. 0. 0. 0.]]7[0m
    |   -- [92m[0.  1.  0.5 1.  0.  1.  0.  0.5 0.  1.  0.  0.5][[0. 0. 0. 0. 0. 0. 0. 0.]]2[0m
    |   -- [92m[0.  1.  0.5 1.  0.  1.  0.  0.5 0.  1.  0.5 1. ][[0. 0. 0. 0. 0. 0. 0. 0.]]0[0m
    |   -- [92m[0.   1.   0.   0.25 0.   1.   0.5  1.   0.   1.   0.   1.  ][[0. 0. 0. 0. 0. 0. 0. 0.]]4[0m
    |   -- [92m[0.   1.   0.25 0.5  0.   1.   0.5  1.   0.   1.   0.   1.  ][[0. 0. 0. 0. 0. 0. 0. 0.]]1[0m
    |   -- [92m[0.  1.  0.5 1.  0.  1.  0.5 1.  0.  0.5 0.  1. ][[0. 0. 0. 0. 0. 0. 0. 0.]]3[0m
        -- [92m[0.  1.  0.5 1.  0.  1.  0.5 1.  0.5 1.  0.  1. ][[0. 0. 0. 0. 0. 0. 0. 0.]]5[0m
-- [92m[0. 1. 0. 1. 0. 1. 0. 1. 0. 1. 0. 1.][[0. 0. 0. 0. 0. 0. 0. 0.]]-1[0m
    |   -- [92m[0.   1.   0.   1.   0.   0.25 0.   0.5  0.   1.   0.   1.  ][[0. 0. 0. 0. 0. 0. 0. 0.]]6[0m
    |   -- [92m[0.   1.   0.   1.   0.   0.25 0.5  1.   0.   1.   0.   1.  ][[0. 0. 0. 0. 0. 0. 0. 0.]]7[0m
    |   -- [92m[0.   0.5  0.   1.   0.25 0.5  0.   1.   0.   1.   0.   1.  ][[0. 0. 0. 0. 0. 0. 0. 0.]]2[0m
    |   -- [92m[0.5  1.   0.   1.   0.25 0.5  0.   1.   0.   1.   0.   1.  ][[0. 0. 0. 0. 0. 0. 0. 0.]]0[0m
    |   -- [92m[0.  1.  0.  1.  0.5 1.  0.  0.5 0.  1.  0.  0.5][[0. 0. 0. 0. 0. 0. 0. 0.]]4[0m
    |   -- [92m[0.  1.  0.  1.  0.5 1.  0.5 1.  0.  1.  0.  0.5][[0. 0. 0. 0. 0. 0. 0. 0.]]1[0m
    |   -- [92m[0.  1.  0.  1.  0.5 1.  0.  0.5 0.  1.  0.5 1. ][[0. 0. 0. 0. 0. 0. 0. 0.]]3[0m
        -- [92m[0.  1.  0.  1.  0.5 1.  0.5 1.  0.  1.  0.5 1. ][[0. 0. 0. 0. 0. 0. 0. 0.]]5[0m
-- [92m[0. 1. 0. 1. 0. 1. 0. 1. 0. 1. 0. 1.][[0. 0. 0. 0. 0. 0. 0. 0.]]-1[0m
    |   -- [92m[0.  1.  0.  1.  0.  0.5 0.  0.5 0.  1.  0.  0.5][[0. 0. 0. 0. 0. 0. 0. 0.]]6[0m
    |   -- [92m[0.  1.  0.  1.  0.5 1.  0.  0.5 0.  1.  0.  0.5][[0. 0. 0. 0. 0. 0. 0. 0.]]7[0m
    |   -- [92m[0.  0.5 0.  1.  0.  1.  0.5 1.  0.  1.  0.  0.5][[0. 0. 0. 0. 0. 0. 0. 0.]]2[0m
    |   -- [92m[0.5 1.  0.  1.  0.  1.  0.5 1.  0.  1.  0.  0.5][[0. 0. 0. 0. 0. 0. 0. 0.]]0[0m
    |   -- [92m[0.   0.5  0.   1.   0.   1.   0.   1.   0.   1.   0.5  0.75][[0. 0. 0. 0. 0. 0. 0. 0.]]4[0m
    |   -- [92m[0.   0.5  0.   1.   0.   1.   0.   1.   0.   1.   0.75 1.  ][[0. 0. 0. 0. 0. 0. 0. 0.]]1[0m
    |   -- [92m[0.5 1.  0.  1.  0.  0.5 0.  1.  0.  1.  0.5 1. ][[0. 0. 0. 0. 0. 0. 0. 0.]]3[0m
        -- [92m[0.5 1.  0.  1.  0.5 1.  0.  1.  0.  1.  0.5 1. ][[0. 0. 0. 0. 0. 0. 0. 0.]]5[0m
-- [92m[0. 1. 0. 1. 0. 1. 0. 1. 0. 1. 0. 1.][[0. 0. 0. 0. 0. 0. 0. 0.]]-1[0m
xroots and agents b4 joblib :  6 6
Xs_root from joblib  6
$$$$$$$$$$$$$$$$$$$$$$$$$$$$$$$$$$$$$$$$$$$$$$$$$$$$$$$$$$$$$$$$$$$$$$$$$$$$$$$$$$$$$$$$$$$$$$$$$$$$
    |   -- [92m[0.  1.  0.  1.  0.  0.5 0.  0.5 0.  0.5 0.  1. ][-6.66412284 -6.38785891 -5.47440867 -5.93309455 -6.01739277 -6.18051689
 -6.81582443 -6.50312871]6[0m
    |   -- [92m[0.  1.  0.  1.  0.  0.5 0.5 1.  0.  0.5 0.  1. ][-0.07508994 -0.12732583 -0.07328586 -0.05088865 -0.1698795  -0.06403655
 -0.20617243 -0.31545371]7[0m
    |   -- [92m[0.  1.  0.  0.5 0.5 1.  0.  1.  0.  0.5 0.  1. ][-1.55304076 -1.74038228 -0.99030041 -2.23275159 -2.49088531 -2.21781237
 -2.20298752 -2.46391969]2[0m
    |   -- [92m[0.  1.  0.5 1.  0.5 1.  0.  1.  0.  0.5 0.  1. ][-0.82216619 -0.88458634 -0.83405111 -1.36183089 -0.86900451 -0.67461193
 -0.89518406 -0.77161963]0[0m
    |   -- [92m[0.   1.   0.   0.5  0.   1.   0.   1.   0.5  0.75 0.   1.  ][-0.21997732 -0.92599717 -0.98463035 -0.71203858 -0.8545844  -0.92511205
 -0.42260699 -0.63153231]4[0m
    |   -- [92m[0.   1.   0.5  1.   0.   1.   0.   1.   0.5  0.75 0.   1.  ][0. 0. 0. 0. 0. 0. 0. 0.]1[0m
    |   -- [92m[0.   1.   0.   0.5  0.   1.   0.   1.   0.75 1.   0.   1.  ][0. 0. 0. 0. 0. 0. 0. 0.]3[0m
        -- [92m[0.   1.   0.5  1.   0.   1.   0.   1.   0.75 1.   0.   1.  ][ 0.         -0.09240851 -0.01114507 -0.05226914 -0.11752056  0.
 -0.12617326  0.        ]5[0m
-- [92m[0. 1. 0. 1. 0. 1. 0. 1. 0. 1. 0. 1.][[0. 0. 0. 0. 0. 0. 0. 0.]]-1[0m
$$$$$$$$$$$$$$$$$$$$$$$$$$$$$$$$$$$$$$$$$$$$$$$$$$$$$$$$$$$$$$$$$$$$$$$$$$$$$$$$$$$$$$$$$$$$$$$$$$$$
$$$$$$$$$$$$$$$$$$$$$$$$$$$$$$$$$$$$$$$$$$$$$$$$$$$$$$$$$$$$$$$$$$$$$$$$$$$$$$$$$$$$$$$$$$$$$$$$$$$$
    |   -- [92m[0.   0.5  0.   0.25 0.   1.   0.   1.   0.   1.   0.   1.  ][-0.75218512 -0.63551396 -0.75994917 -0.69059695 -0.67676829 -0.84234948
 -0.79119294 -0.74335553]6[0m
    |   -- [92m[0.   0.5  0.25 0.5  0.   1.   0.   1.   0.   1.   0.   1.  ][-1.11289125 -1.48956252 -0.69904993 -2.23069787 -1.48037499 -1.00855059
 -1.24805922 -0.95966128]7[0m
    |   -- [92m[0.5  0.75 0.   0.5  0.   1.   0.   1.   0.   1.   0.   1.  ][0. 0. 0. 0. 0. 0. 0. 0.]2[0m
    |   -- [92m[0.75 1.   0.   0.5  0.   1.   0.   1.   0.   1.   0.   1.  ][0. 0. 0. 0. 0. 0. 0. 0.]0[0m
    |   -- [92m[0.   1.   0.5  1.   0.   1.   0.   0.25 0.   1.   0.   1.  ][-0.62209572 -0.86227228 -0.68213252 -0.83325503 -0.70488597 -0.53712988
 -0.76974595 -0.74116628]4[0m
    |   -- [92m[0.   1.   0.5  1.   0.   1.   0.25 0.5  0.   1.   0.   1.  ][-0.19814818  0.         -0.25074323  0.         -0.14647748  0.
  0.         -0.00044067]1[0m
    |   -- [92m[0.   1.   0.5  0.75 0.   1.   0.5  1.   0.   1.   0.   1.  ][-0.48923295 -0.50115945 -0.2960108  -0.4036046  -0.49737734 -0.47227163
 -0.52025033 -0.48712985]3[0m
        -- [92m[0.   1.   0.75 1.   0.   1.   0.5  1.   0.   1.   0.   1.  ][-0.86407378 -0.29389914  0.          0.         -0.05968464 -0.48336923
  0.         -0.24644446]5[0m
-- [92m[0. 1. 0. 1. 0. 1. 0. 1. 0. 1. 0. 1.][[0. 0. 0. 0. 0. 0. 0. 0.]]-1[0m
$$$$$$$$$$$$$$$$$$$$$$$$$$$$$$$$$$$$$$$$$$$$$$$$$$$$$$$$$$$$$$$$$$$$$$$$$$$$$$$$$$$$$$$$$$$$$$$$$$$$
$$$$$$$$$$$$$$$$$$$$$$$$$$$$$$$$$$$$$$$$$$$$$$$$$$$$$$$$$$$$$$$$$$$$$$$$$$$$$$$$$$$$$$$$$$$$$$$$$$$$
    |   -- [92m[0.  0.5 0.  0.5 0.  0.5 0.  1.  0.  1.  0.  1. ][-15.39965447 -16.54813495 -23.44683858 -15.54505045 -18.67133346
 -16.16817363 -16.99585616 -15.69246062]6[0m
    |   -- [92m[0.5 1.  0.  0.5 0.  0.5 0.  1.  0.  1.  0.  1. ][-0.77638718 -1.0321745  -1.03092971 -1.08871122 -0.71947957 -1.01209919
 -0.9905555  -0.70684177]7[0m
    |   -- [92m[0.   1.   0.   0.5  0.5  0.75 0.   1.   0.   1.   0.   1.  ][ 0.         -0.00521079 -0.16255491 -0.15311927 -0.16832535 -0.03844842
 -0.07109389 -0.02504606]2[0m
    |   -- [92m[0.   1.   0.   0.5  0.75 1.   0.   1.   0.   1.   0.   1.  ][-0.59193734 -0.37726617 -0.48240143 -0.65637566 -0.46980218 -0.54575668
 -0.49044992 -0.71643075]0[0m
    |   -- [92m[0.   0.5  0.5  0.75 0.   1.   0.   1.   0.   1.   0.   1.  ][ 0.         -0.02949627  0.          0.          0.          0.
  0.          0.        ]4[0m
    |   -- [92m[0.5  1.   0.5  0.75 0.   1.   0.   1.   0.   1.   0.   1.  ][-1.51952735 -1.13804929 -1.6889009  -1.29659949 -1.12095024 -1.42596398
 -1.59679826 -1.83919782]1[0m
    |   -- [92m[0.    1.    0.75  0.875 0.    1.    0.    1.    0.    1.    0.    1.   ][-0.21666901 -0.25762714 -0.01317525 -0.32964376 -0.52350715 -0.79180478
 -0.39199266 -0.29325338]3[0m
        -- [92m[0.    1.    0.875 1.    0.    1.    0.    1.    0.    1.    0.    1.   ][0. 0. 0. 0. 0. 0. 0. 0.]5[0m
-- [92m[0. 1. 0. 1. 0. 1. 0. 1. 0. 1. 0. 1.][[0. 0. 0. 0. 0. 0. 0. 0.]]-1[0m
$$$$$$$$$$$$$$$$$$$$$$$$$$$$$$$$$$$$$$$$$$$$$$$$$$$$$$$$$$$$$$$$$$$$$$$$$$$$$$$$$$$$$$$$$$$$$$$$$$$$
$$$$$$$$$$$$$$$$$$$$$$$$$$$$$$$$$$$$$$$$$$$$$$$$$$$$$$$$$$$$$$$$$$$$$$$$$$$$$$$$$$$$$$$$$$$$$$$$$$$$
    |   -- [92m[0.   1.   0.   0.25 0.   1.   0.   0.5  0.   1.   0.   1.  ][-1.48965633 -1.82590597 -1.33872694 -1.59422793 -1.50643706 -1.83396848
 -1.38541447 -2.09323073]6[0m
    |   -- [92m[0.   1.   0.25 0.5  0.   1.   0.   0.5  0.   1.   0.   1.  ][-3.57877077 -3.08296448 -2.81207794 -3.19927054 -2.44663436 -5.74360928
 -2.75281991 -3.3596972 ]7[0m
    |   -- [92m[0.  1.  0.5 1.  0.  1.  0.  0.5 0.  1.  0.  0.5][-0.66663248 -0.337606   -0.14071871 -0.40984752  0.         -0.20833484
 -0.42207986 -0.02672331]2[0m
    |   -- [92m[0.  1.  0.5 1.  0.  1.  0.  0.5 0.  1.  0.5 1. ][-1.37765253 -1.5122879  -1.61579183 -1.25266854 -1.2777683  -1.09083814
 -0.27187989 -0.48917259]0[0m
    |   -- [92m[0.   1.   0.   0.25 0.   1.   0.5  1.   0.   1.   0.   1.  ][0. 0. 0. 0. 0. 0. 0. 0.]4[0m
    |   -- [92m[0.   1.   0.25 0.5  0.   1.   0.5  1.   0.   1.   0.   1.  ][0. 0. 0. 0. 0. 0. 0. 0.]1[0m
    |   -- [92m[0.  1.  0.5 1.  0.  1.  0.5 1.  0.  0.5 0.  1. ][0. 0. 0. 0. 0. 0. 0. 0.]3[0m
        -- [92m[0.  1.  0.5 1.  0.  1.  0.5 1.  0.5 1.  0.  1. ][0. 0. 0. 0. 0. 0. 0. 0.]5[0m
-- [92m[0. 1. 0. 1. 0. 1. 0. 1. 0. 1. 0. 1.][[0. 0. 0. 0. 0. 0. 0. 0.]]-1[0m
$$$$$$$$$$$$$$$$$$$$$$$$$$$$$$$$$$$$$$$$$$$$$$$$$$$$$$$$$$$$$$$$$$$$$$$$$$$$$$$$$$$$$$$$$$$$$$$$$$$$
$$$$$$$$$$$$$$$$$$$$$$$$$$$$$$$$$$$$$$$$$$$$$$$$$$$$$$$$$$$$$$$$$$$$$$$$$$$$$$$$$$$$$$$$$$$$$$$$$$$$
    |   -- [92m[0.   1.   0.   1.   0.   0.25 0.   0.5  0.   1.   0.   1.  ][0. 0. 0. 0. 0. 0. 0. 0.]6[0m
    |   -- [92m[0.   1.   0.   1.   0.   0.25 0.5  1.   0.   1.   0.   1.  ][0. 0. 0. 0. 0. 0. 0. 0.]7[0m
    |   -- [92m[0.   0.5  0.   1.   0.25 0.5  0.   1.   0.   1.   0.   1.  ][-0.15406297 -0.29034397 -0.68328848 -0.04285449 -0.12763872 -0.02502041
 -1.21418377 -0.06699898]2[0m
    |   -- [92m[0.5  1.   0.   1.   0.25 0.5  0.   1.   0.   1.   0.   1.  ][-0.02177063  0.          0.          0.          0.          0.
  0.          0.        ]0[0m
    |   -- [92m[0.  1.  0.  1.  0.5 1.  0.  0.5 0.  1.  0.  0.5][0. 0. 0. 0. 0. 0. 0. 0.]4[0m
    |   -- [92m[0.  1.  0.  1.  0.5 1.  0.5 1.  0.  1.  0.  0.5][0. 0. 0. 0. 0. 0. 0. 0.]1[0m
    |   -- [92m[0.  1.  0.  1.  0.5 1.  0.  0.5 0.  1.  0.5 1. ][ 0.          0.         -0.00848788  0.         -0.28199455 -0.03280299
 -0.09494601  0.        ]3[0m
        -- [92m[0.  1.  0.  1.  0.5 1.  0.5 1.  0.  1.  0.5 1. ][0. 0. 0. 0. 0. 0. 0. 0.]5[0m
-- [92m[0. 1. 0. 1. 0. 1. 0. 1. 0. 1. 0. 1.][[0. 0. 0. 0. 0. 0. 0. 0.]]-1[0m
$$$$$$$$$$$$$$$$$$$$$$$$$$$$$$$$$$$$$$$$$$$$$$$$$$$$$$$$$$$$$$$$$$$$$$$$$$$$$$$$$$$$$$$$$$$$$$$$$$$$
$$$$$$$$$$$$$$$$$$$$$$$$$$$$$$$$$$$$$$$$$$$$$$$$$$$$$$$$$$$$$$$$$$$$$$$$$$$$$$$$$$$$$$$$$$$$$$$$$$$$
    |   -- [92m[0.  1.  0.  1.  0.  0.5 0.  0.5 0.  1.  0.  0.5][0. 0. 0. 0. 0. 0. 0. 0.]6[0m
    |   -- [92m[0.  1.  0.  1.  0.5 1.  0.  0.5 0.  1.  0.  0.5][0. 0. 0. 0. 0. 0. 0. 0.]7[0m
    |   -- [92m[0.  0.5 0.  1.  0.  1.  0.5 1.  0.  1.  0.  0.5][0. 0. 0. 0. 0. 0. 0. 0.]2[0m
    |   -- [92m[0.5 1.  0.  1.  0.  1.  0.5 1.  0.  1.  0.  0.5][0. 0. 0. 0. 0. 0. 0. 0.]0[0m
    |   -- [92m[0.   0.5  0.   1.   0.   1.   0.   1.   0.   1.   0.5  0.75][ 0.          0.          0.          0.          0.          0.
  0.         -0.09736569]4[0m
    |   -- [92m[0.   0.5  0.   1.   0.   1.   0.   1.   0.   1.   0.75 1.  ][-0.27394093 -0.12342037 -0.21308053  0.         -0.49877161  0.
 -0.35142028 -0.0207334 ]1[0m
    |   -- [92m[0.5 1.  0.  1.  0.  0.5 0.  1.  0.  1.  0.5 1. ][ 0.          0.          0.          0.          0.          0.
  0.         -0.14436637]3[0m
        -- [92m[0.5 1.  0.  1.  0.5 1.  0.  1.  0.  1.  0.5 1. ][0. 0. 0. 0. 0. 0. 0. 0.]5[0m
-- [92m[0. 1. 0. 1. 0. 1. 0. 1. 0. 1. 0. 1.][[0. 0. 0. 0. 0. 0. 0. 0.]]-1[0m
$$$$$$$$$$$$$$$$$$$$$$$$$$$$$$$$$$$$$$$$$$$$$$$$$$$$$$$$$$$$$$$$$$$$$$$$$$$$$$$$$$$$$$$$$$$$$$$$$$$$
mincumRewardIdx:  2
yofEI, miny from minK:  [0.61953581 0.03189435 0.8442427  0.061912   0.0682622  0.3034422 ] [-0.10378109] [[0.47953564 0.41066804 0.81172934 0.39854549 0.49362184 0.83231777]
 [0.29842132 0.18598536 0.88353497 0.99716254 0.17078815 0.98211228]
 [0.48839914 0.23444851 0.9828732  0.438888   0.50133788 0.01332375]
 [0.15437078 0.28689171 0.85994062 0.47149911 0.71038687 0.44976402]
 [0.38678179 0.39022543 0.79399039 0.50750182 0.32817004 0.18224613]
 [0.09737564 0.25065901 0.8039548  0.03875057 0.88298129 0.94193183]
 [0.22531607 0.31041619 0.79106391 0.52641681 0.51855379 0.05101862]
 [0.30051637 0.34679979 0.95898295 0.06105236 0.64471571 0.56396366]
 [0.08255535 0.13506217 0.97074021 0.66765358 0.65550615 0.37984135]
 [0.61399795 0.13312083 0.84713367 0.92869318 0.95379579 0.10706227]] [-0.78680763] [[0.47953564 0.41066804 0.81172934 0.39854549 0.49362184 0.83231777]]
yofEI, miny from minK:  [0.5        0.6768126  0.08533135 0.40478868 0.33652118 0.01217239] [-1.42259992] [[0.74168047 0.62307586 0.64474625 0.64889938 0.48753471 0.59501167]
 [0.68456701 0.6275202  0.96235077 0.96792308 0.03536046 0.41938658]
 [0.86182579 0.52128973 0.36663067 0.10800255 0.92851038 0.14218147]
 [0.87984913 0.54949714 0.895616   0.58956782 0.32308954 0.25216205]
 [0.5304914  0.65407544 0.49575291 0.82350948 0.96087836 0.24271976]
 [0.82862549 0.6454879  0.39225888 0.9915407  0.883102   0.17919757]
 [0.92446934 0.68913965 0.1587955  0.5145101  0.16550007 0.72906651]
 [0.87320238 0.61451188 0.61802767 0.84508311 0.27106975 0.37381971]
 [0.59335899 0.66720912 0.74577797 0.28722681 0.41484845 0.49475218]
 [0.76972246 0.65748762 0.12921472 0.94267173 0.10487035 0.21422671]] [-0.0984945] [[0.74168047 0.62307586 0.64474625 0.64889938 0.48753471 0.59501167]]
yofEI, miny from minK:  [0.03195094 0.23260645 0.74481604 0.87541876 0.45123223 0.93418123] [-0.2970772] [[0.21740303 0.49880835 0.57056369 0.63609672 0.13976097 0.33783384]
 [0.06487756 0.05565018 0.71330151 0.5344865  0.43415908 0.90563459]
 [0.03393896 0.43248643 0.673823   0.4417043  0.23343492 0.85403459]
 [0.02607035 0.04975598 0.64632832 0.25503624 0.36436512 0.88363455]
 [0.19630553 0.21439019 0.74575406 0.87999823 0.51969632 0.55452436]
 [0.4243487  0.02996143 0.66218635 0.51194526 0.59666236 0.16757988]
 [0.20828358 0.18021051 0.53965429 0.09667369 0.50077769 0.23296338]
 [0.41653296 0.21961395 0.68701547 0.99674125 0.66502646 0.62078029]
 [0.82577792 0.33620055 0.55476532 0.66415081 0.18055073 0.64883444]
 [0.08169473 0.28386685 0.65387799 0.40108778 0.68459746 0.9498815 ]] [-0.33693287] [[0.21740303 0.49880835 0.57056369 0.63609672 0.13976097 0.33783384]]
yofEI, miny from minK:  [0.37816293 0.80841426 0.0939892  0.77748168 0.54237594 0.04586674] [-1.90521438] [[0.44645751 0.8125122  0.38991408 0.23646825 0.13305942 0.08229434]
 [0.45864621 0.85904121 0.53017244 0.55406294 0.33531004 0.87319922]
 [0.82520255 0.81930062 0.30931018 0.8457873  0.47798567 0.30999895]
 [0.51288385 0.79345027 0.2092772  0.01831974 0.6430656  0.81350308]
 [0.07225714 0.8240159  0.92095399 0.95593329 0.53406777 0.02182494]
 [0.17438405 0.78301698 0.10562739 0.7680129  0.89239026 0.34270131]
 [0.5658812  0.87300548 0.34554676 0.21234749 0.24588517 0.88712372]
 [0.80098567 0.77881432 0.56296057 0.36936777 0.74531157 0.45199568]
 [0.89989986 0.77086949 0.62692784 0.68825629 0.99644019 0.40006256]
 [0.39750246 0.7594209  0.75506142 0.6377755  0.17282103 0.55393334]] [-0.94185872] [[0.44645751 0.8125122  0.38991408 0.23646825 0.13305942 0.08229434]]
yofEI, miny from minK:  [0.28084559 0.55917102 0.92507926 0.43703235 0.08920204 0.42623724] [-0.34020979] [[0.15939327 0.58897229 0.38957989 0.58708645 0.86379384 0.57185146]
 [0.13580921 0.64243171 0.80643713 0.89231908 0.53482626 0.22306384]
 [0.38317781 0.69465483 0.33547297 0.79356625 0.43563456 0.47850855]
 [0.34751643 0.6631725  0.29185651 0.42618037 0.13950533 0.71453363]
 [0.01387518 0.63966095 0.09871085 0.90861716 0.15194786 0.09979739]
 [0.31814198 0.53648717 0.52158811 0.18978783 0.81546656 0.31421669]
 [0.14933039 0.5702439  0.05781422 0.16921092 0.27873764 0.92048543]
 [0.39651997 0.71669959 0.73650998 0.22279654 0.98371324 0.23703988]
 [0.16764023 0.65632106 0.03818982 0.72748257 0.58080152 0.96615624]
 [0.05905724 0.61245157 0.85910362 0.13274818 0.83704915 0.13214373]] [-0.1267303] [[0.15939327 0.58897229 0.38957989 0.58708645 0.86379384 0.57185146]]
yofEI, miny from minK:  [0.35418484 0.98437994 0.56475746 0.35467231 0.71996405 0.20106045] [-1.16971176] [[0.89517032 0.89288521 0.18576487 0.21840395 0.6491784  0.59035315]
 [0.96808202 0.98868131 0.87914564 0.73898119 0.59237697 0.04761944]
 [0.41819662 0.91212997 0.40835202 0.0897454  0.41620612 0.49802099]
 [0.98353621 0.97804655 0.22553132 0.93824052 0.83191311 0.92456628]
 [0.63893301 0.96133017 0.97707775 0.33971247 0.20354519 0.69218982]
 [0.47375477 0.93626012 0.26866086 0.41792167 0.19286849 0.94035766]
 [0.49909558 0.9067775  0.43667565 0.00328859 0.94741325 0.12961007]
 [0.40337799 0.99731689 0.02565487 0.60347745 0.92417488 0.67545583]
 [0.66862733 0.87607269 0.68521578 0.45646445 0.16513772 0.06350324]
 [0.59661343 0.89928477 0.00275873 0.97927804 0.01879265 0.20176156]] [-0.01348719] [[0.89517032 0.89288521 0.18576487 0.21840395 0.6491784  0.59035315]]
yofEI, miny from minK:  [0.30991852 0.37154741 0.5        0.07429325 0.30420315 1.        ] [-0.83992029] [[0.45771379 0.29866342 0.2626693  0.33064653 0.63047093 0.7215067 ]
 [0.36881009 0.1405212  0.03361098 0.15680408 0.51141385 0.35568029]
 [0.30264414 0.19282414 0.15954413 0.36639099 0.08321577 0.47919973]
 [0.22260383 0.23313423 0.44607119 0.60443351 0.47353978 0.90813315]
 [0.39035871 0.15267016 0.10181411 0.48257024 0.04341946 0.96481073]
 [0.16710579 0.34066786 0.08413954 0.52688786 0.88832667 0.7374331 ]
 [0.12274499 0.07951428 0.23210264 0.64643692 0.92016307 0.08802856]
 [0.45987626 0.11151641 0.36301947 0.09764095 0.01715226 0.66688687]
 [0.13105757 0.24481958 0.13098414 0.7658022  0.26791487 0.32691576]
 [0.49042518 0.14544941 0.01587446 0.12499143 0.59308659 0.64330867]] [-0.41315454] [[0.45771379 0.29866342 0.2626693  0.33064653 0.63047093 0.7215067 ]]
yofEI, miny from minK:  [0.91678872 0.11559345 0.28158569 0.15789597 0.41788637 0.62831171] [-0.49377576] [[0.66794063 0.00738288 0.16982357 0.37418667 0.54827214 0.7677497 ]
 [0.75369406 0.48693452 0.11315973 0.32371145 0.57004176 0.19083063]
 [0.77081163 0.41353261 0.02192397 0.82309966 0.86162652 0.52883042]
 [0.5768818  0.27489133 0.31191436 0.50293684 0.90882568 0.08022668]
 [0.85928247 0.18461833 0.21055954 0.14386186 0.84608138 0.63730514]
 [0.93530278 0.34870527 0.04242199 0.55802035 0.72148452 0.74397404]
 [0.65679916 0.38739609 0.29405472 0.26863987 0.13335155 0.86606478]
 [0.96484653 0.07889917 0.3035389  0.72594955 0.64605071 0.79979415]
 [0.79708965 0.46447692 0.001452   0.92758817 0.56568324 0.69214409]
 [0.81608733 0.02013809 0.15897843 0.95028393 0.36363346 0.5513612 ]] [-0.47226261] [[0.66794063 0.00738288 0.16982357 0.37418667 0.54827214 0.7677497 ]]
pred_sample_x, pred_sample_y:  [[0.61953581 0.03189435 0.8442427  0.061912   0.0682622  0.3034422 ]
 [0.5        0.6768126  0.08533135 0.40478868 0.33652118 0.01217239]
 [0.03195094 0.23260645 0.74481604 0.87541876 0.45123223 0.93418123]
 [0.37816293 0.80841426 0.0939892  0.77748168 0.54237594 0.04586674]
 [0.28084559 0.55917102 0.92507926 0.43703235 0.08920204 0.42623724]
 [0.35418484 0.98437994 0.56475746 0.35467231 0.71996405 0.20106045]
 [0.30991852 0.37154741 0.5        0.07429325 0.30420315 1.        ]
 [0.91678872 0.11559345 0.28158569 0.15789597 0.41788637 0.62831171]] [-0.10378109 -1.42259992 -0.2970772  -1.90521438 -0.34020979 -1.16971176
 -0.83992029 -0.49377576]
min obs so far :  [0.37816293 0.80841426 0.0939892  0.77748168 0.54237594 0.04586674] -1.9052143792036396
    |   -- [92m[0.  0.5 0.  0.5 0.  0.5 0.  1.  0.  1.  0.  1. ][-15.39965447 -16.54813495 -23.44683858 -15.54505045 -18.67133346
 -16.16817363 -16.99585616 -15.69246062]6[0m
    |   -- [92m[0.5 1.  0.  0.5 0.  0.5 0.  1.  0.  1.  0.  1. ][-0.77638718 -1.0321745  -1.03092971 -1.08871122 -0.71947957 -1.01209919
 -0.9905555  -0.70684177]7[0m
    |   -- [92m[0.   1.   0.   0.5  0.5  0.75 0.   1.   0.   1.   0.   1.  ][ 0.         -0.00521079 -0.16255491 -0.15311927 -0.16832535 -0.03844842
 -0.07109389 -0.02504606]2[0m
    |   -- [92m[0.   1.   0.   0.5  0.75 1.   0.   1.   0.   1.   0.   1.  ][-0.59193734 -0.37726617 -0.48240143 -0.65637566 -0.46980218 -0.54575668
 -0.49044992 -0.71643075]0[0m
    |   -- [92m[0.   0.5  0.5  0.75 0.   1.   0.   1.   0.   1.   0.   1.  ][ 0.         -0.02949627  0.          0.          0.          0.
  0.          0.        ]4[0m
    |   -- [92m[0.5  1.   0.5  0.75 0.   1.   0.   1.   0.   1.   0.   1.  ][-1.51952735 -1.13804929 -1.6889009  -1.29659949 -1.12095024 -1.42596398
 -1.59679826 -1.83919782]1[0m
    |   -- [92m[0.    1.    0.75  0.875 0.    1.    0.    1.    0.    1.    0.    1.   ][-0.21666901 -0.25762714 -0.01317525 -0.32964376 -0.52350715 -0.79180478
 -0.39199266 -0.29325338]3[0m
        -- [92m[0.    1.    0.875 1.    0.    1.    0.    1.    0.    1.    0.    1.   ][0. 0. 0. 0. 0. 0. 0. 0.]5[0m
-- [92m[0. 1. 0. 1. 0. 1. 0. 1. 0. 1. 0. 1.][[0. 0. 0. 0. 0. 0. 0. 0.]]-1[0m
globalXtrain, globalYtrain : -1.9052143792036396
_____________________________________ 1
_____________________________________
global dataset :  (68, 6) (68,)
_____________________________________
after moving and partitioning 
        |   |   -- [92m[0.   0.25 0.   0.25 0.   0.5  0.   1.   0.   0.5  0.   1.  ][[0. 0. 0. 0. 0. 0. 0. 0.]]4[0m
        |   |   -- [92m[0.25 0.5  0.   0.25 0.   0.5  0.   1.   0.   0.5  0.   1.  ][[0. 0. 0. 0. 0. 0. 0. 0.]]5[0m
        |   |   -- [92m[0.   0.5  0.   0.25 0.   0.5  0.   1.   0.5  0.75 0.   1.  ][[0. 0. 0. 0. 0. 0. 0. 0.]]6[0m
        |   |   -- [92m[0.   0.5  0.   0.25 0.   0.5  0.   1.   0.75 1.   0.   1.  ][[0. 0. 0. 0. 0. 0. 0. 0.]]0[0m
        |   |   -- [92m[0.    0.5   0.25  0.375 0.    0.5   0.    1.    0.    1.    0.    0.5  ][[0. 0. 0. 0. 0. 0. 0. 0.]]1[0m
        |   |   -- [92m[0.    0.5   0.375 0.5   0.    0.5   0.    1.    0.    1.    0.    0.5  ][[0. 0. 0. 0. 0. 0. 0. 0.]]7[0m
        |   |   -- [92m[0.   0.5  0.25 0.5  0.   0.5  0.   1.   0.   0.5  0.5  1.  ][[0. 0. 0. 0. 0. 0. 0. 0.]]3[0m
            |   -- [92m[0.   0.5  0.25 0.5  0.   0.5  0.   1.   0.5  1.   0.5  1.  ][[0. 0. 0. 0. 0. 0. 0. 0.]]2[0m
    |   -- [91m[0.  0.5 0.  0.5 0.  0.5 0.  1.  0.  1.  0.  1. ][-15.39965447 -16.54813495 -23.44683858 -15.54505045 -18.67133346
 -16.16817363 -16.99585616 -15.69246062]6[0m
    |   -- [91m[0.5 1.  0.  0.5 0.  0.5 0.  1.  0.  1.  0.  1. ][-0.77638718 -1.0321745  -1.03092971 -1.08871122 -0.71947957 -1.01209919
 -0.9905555  -0.70684177]7[0m
    |   -- [91m[0.   1.   0.   0.5  0.5  0.75 0.   1.   0.   1.   0.   1.  ][ 0.         -0.00521079 -0.16255491 -0.15311927 -0.16832535 -0.03844842
 -0.07109389 -0.02504606]2[0m
    |   -- [91m[0.   1.   0.   0.5  0.75 1.   0.   1.   0.   1.   0.   1.  ][-0.59193734 -0.37726617 -0.48240143 -0.65637566 -0.46980218 -0.54575668
 -0.49044992 -0.71643075]0[0m
    |   -- [91m[0.   0.5  0.5  0.75 0.   1.   0.   1.   0.   1.   0.   1.  ][ 0.         -0.02949627  0.          0.          0.          0.
  0.          0.        ]4[0m
    |   -- [91m[0.5  1.   0.5  0.75 0.   1.   0.   1.   0.   1.   0.   1.  ][-1.51952735 -1.13804929 -1.6889009  -1.29659949 -1.12095024 -1.42596398
 -1.59679826 -1.83919782]1[0m
    |   -- [91m[0.    1.    0.75  0.875 0.    1.    0.    1.    0.    1.    0.    1.   ][-0.21666901 -0.25762714 -0.01317525 -0.32964376 -0.52350715 -0.79180478
 -0.39199266 -0.29325338]3[0m
        -- [91m[0.    1.    0.875 1.    0.    1.    0.    1.    0.    1.    0.    1.   ][0. 0. 0. 0. 0. 0. 0. 0.]5[0m
-- [92m[0. 1. 0. 1. 0. 1. 0. 1. 0. 1. 0. 1.][[0. 0. 0. 0. 0. 0. 0. 0.]]-1[0m
after moving and partitioning 
        |   |   -- [92m[0.   0.5  0.   0.5  0.   0.25 0.   1.   0.   0.5  0.   0.5 ][[0. 0. 0. 0. 0. 0. 0. 0.]]2[0m
        |   |   -- [92m[0.   0.5  0.   0.5  0.25 0.5  0.   1.   0.   0.5  0.   0.5 ][[0. 0. 0. 0. 0. 0. 0. 0.]]3[0m
        |   |   -- [92m[0.   0.5  0.   0.5  0.   0.5  0.   1.   0.5  1.   0.   0.25][[0. 0. 0. 0. 0. 0. 0. 0.]]0[0m
        |   |   -- [92m[0.   0.5  0.   0.5  0.   0.5  0.   1.   0.5  1.   0.25 0.5 ][[0. 0. 0. 0. 0. 0. 0. 0.]]6[0m
        |   |   -- [92m[0.   0.5  0.   0.25 0.   0.25 0.   1.   0.   1.   0.5  1.  ][[0. 0. 0. 0. 0. 0. 0. 0.]]7[0m
        |   |   -- [92m[0.   0.5  0.   0.25 0.25 0.5  0.   1.   0.   1.   0.5  1.  ][[0. 0. 0. 0. 0. 0. 0. 0.]]1[0m
        |   |   -- [92m[0.   0.5  0.25 0.5  0.   0.5  0.   1.   0.   0.5  0.5  1.  ][[0. 0. 0. 0. 0. 0. 0. 0.]]5[0m
            |   -- [92m[0.   0.5  0.25 0.5  0.   0.5  0.   1.   0.5  1.   0.5  1.  ][[0. 0. 0. 0. 0. 0. 0. 0.]]4[0m
    |   -- [91m[0.  0.5 0.  0.5 0.  0.5 0.  1.  0.  1.  0.  1. ][-15.39965447 -16.54813495 -23.44683858 -15.54505045 -18.67133346
 -16.16817363 -16.99585616 -15.69246062]6[0m
    |   -- [91m[0.5 1.  0.  0.5 0.  0.5 0.  1.  0.  1.  0.  1. ][-0.77638718 -1.0321745  -1.03092971 -1.08871122 -0.71947957 -1.01209919
 -0.9905555  -0.70684177]7[0m
    |   -- [91m[0.   1.   0.   0.5  0.5  0.75 0.   1.   0.   1.   0.   1.  ][ 0.         -0.00521079 -0.16255491 -0.15311927 -0.16832535 -0.03844842
 -0.07109389 -0.02504606]2[0m
    |   -- [91m[0.   1.   0.   0.5  0.75 1.   0.   1.   0.   1.   0.   1.  ][-0.59193734 -0.37726617 -0.48240143 -0.65637566 -0.46980218 -0.54575668
 -0.49044992 -0.71643075]0[0m
    |   -- [91m[0.   0.5  0.5  0.75 0.   1.   0.   1.   0.   1.   0.   1.  ][ 0.         -0.02949627  0.          0.          0.          0.
  0.          0.        ]4[0m
    |   -- [91m[0.5  1.   0.5  0.75 0.   1.   0.   1.   0.   1.   0.   1.  ][-1.51952735 -1.13804929 -1.6889009  -1.29659949 -1.12095024 -1.42596398
 -1.59679826 -1.83919782]1[0m
    |   -- [91m[0.    1.    0.75  0.875 0.    1.    0.    1.    0.    1.    0.    1.   ][-0.21666901 -0.25762714 -0.01317525 -0.32964376 -0.52350715 -0.79180478
 -0.39199266 -0.29325338]3[0m
        -- [91m[0.    1.    0.875 1.    0.    1.    0.    1.    0.    1.    0.    1.   ][0. 0. 0. 0. 0. 0. 0. 0.]5[0m
-- [92m[0. 1. 0. 1. 0. 1. 0. 1. 0. 1. 0. 1.][[0. 0. 0. 0. 0. 0. 0. 0.]]-1[0m
after moving and partitioning 
        |   |   -- [92m[0.   0.25 0.   0.5  0.   0.5  0.   1.   0.   0.5  0.   0.5 ][[0. 0. 0. 0. 0. 0. 0. 0.]]2[0m
        |   |   -- [92m[0.25 0.5  0.   0.5  0.   0.5  0.   1.   0.   0.5  0.   0.5 ][[0. 0. 0. 0. 0. 0. 0. 0.]]1[0m
        |   |   -- [92m[0.   0.25 0.   0.5  0.   0.5  0.   1.   0.   0.5  0.5  1.  ][[0. 0. 0. 0. 0. 0. 0. 0.]]3[0m
        |   |   -- [92m[0.25 0.5  0.   0.5  0.   0.5  0.   1.   0.   0.5  0.5  1.  ][[0. 0. 0. 0. 0. 0. 0. 0.]]4[0m
        |   |   -- [92m[0.   0.5  0.   0.25 0.   0.5  0.   1.   0.5  0.75 0.   1.  ][[0. 0. 0. 0. 0. 0. 0. 0.]]6[0m
        |   |   -- [92m[0.   0.5  0.25 0.5  0.   0.5  0.   1.   0.5  0.75 0.   1.  ][[0. 0. 0. 0. 0. 0. 0. 0.]]0[0m
        |   |   -- [92m[0.   0.5  0.   0.5  0.   0.25 0.   1.   0.75 1.   0.   1.  ][[0. 0. 0. 0. 0. 0. 0. 0.]]7[0m
            |   -- [92m[0.   0.5  0.   0.5  0.25 0.5  0.   1.   0.75 1.   0.   1.  ][[0. 0. 0. 0. 0. 0. 0. 0.]]5[0m
    |   -- [91m[0.  0.5 0.  0.5 0.  0.5 0.  1.  0.  1.  0.  1. ][-15.39965447 -16.54813495 -23.44683858 -15.54505045 -18.67133346
 -16.16817363 -16.99585616 -15.69246062]6[0m
    |   -- [91m[0.5 1.  0.  0.5 0.  0.5 0.  1.  0.  1.  0.  1. ][-0.77638718 -1.0321745  -1.03092971 -1.08871122 -0.71947957 -1.01209919
 -0.9905555  -0.70684177]7[0m
    |   -- [91m[0.   1.   0.   0.5  0.5  0.75 0.   1.   0.   1.   0.   1.  ][ 0.         -0.00521079 -0.16255491 -0.15311927 -0.16832535 -0.03844842
 -0.07109389 -0.02504606]2[0m
    |   -- [91m[0.   1.   0.   0.5  0.75 1.   0.   1.   0.   1.   0.   1.  ][-0.59193734 -0.37726617 -0.48240143 -0.65637566 -0.46980218 -0.54575668
 -0.49044992 -0.71643075]0[0m
    |   -- [91m[0.   0.5  0.5  0.75 0.   1.   0.   1.   0.   1.   0.   1.  ][ 0.         -0.02949627  0.          0.          0.          0.
  0.          0.        ]4[0m
    |   -- [91m[0.5  1.   0.5  0.75 0.   1.   0.   1.   0.   1.   0.   1.  ][-1.51952735 -1.13804929 -1.6889009  -1.29659949 -1.12095024 -1.42596398
 -1.59679826 -1.83919782]1[0m
    |   -- [91m[0.    1.    0.75  0.875 0.    1.    0.    1.    0.    1.    0.    1.   ][-0.21666901 -0.25762714 -0.01317525 -0.32964376 -0.52350715 -0.79180478
 -0.39199266 -0.29325338]3[0m
        -- [91m[0.    1.    0.875 1.    0.    1.    0.    1.    0.    1.    0.    1.   ][0. 0. 0. 0. 0. 0. 0. 0.]5[0m
-- [92m[0. 1. 0. 1. 0. 1. 0. 1. 0. 1. 0. 1.][[0. 0. 0. 0. 0. 0. 0. 0.]]-1[0m
after moving and partitioning 
        |   |   -- [92m[0.   0.25 0.   0.25 0.   0.5  0.   1.   0.   0.5  0.   1.  ][[0. 0. 0. 0. 0. 0. 0. 0.]]4[0m
        |   |   -- [92m[0.   0.25 0.25 0.5  0.   0.5  0.   1.   0.   0.5  0.   1.  ][[0. 0. 0. 0. 0. 0. 0. 0.]]2[0m
        |   |   -- [92m[0.   0.25 0.   0.5  0.   0.25 0.   1.   0.5  1.   0.   1.  ][[0. 0. 0. 0. 0. 0. 0. 0.]]3[0m
        |   |   -- [92m[0.   0.25 0.   0.5  0.25 0.5  0.   1.   0.5  1.   0.   1.  ][[0. 0. 0. 0. 0. 0. 0. 0.]]5[0m
        |   |   -- [92m[0.25 0.5  0.   0.5  0.   0.5  0.   0.5  0.   0.5  0.   1.  ][[0. 0. 0. 0. 0. 0. 0. 0.]]6[0m
        |   |   -- [92m[0.25 0.5  0.   0.5  0.   0.5  0.   0.5  0.5  1.   0.   1.  ][[0. 0. 0. 0. 0. 0. 0. 0.]]1[0m
        |   |   -- [92m[0.25 0.5  0.   0.5  0.   0.5  0.5  0.75 0.   1.   0.   1.  ][[0. 0. 0. 0. 0. 0. 0. 0.]]7[0m
            |   -- [92m[0.25 0.5  0.   0.5  0.   0.5  0.75 1.   0.   1.   0.   1.  ][[0. 0. 0. 0. 0. 0. 0. 0.]]0[0m
    |   -- [91m[0.  0.5 0.  0.5 0.  0.5 0.  1.  0.  1.  0.  1. ][-15.39965447 -16.54813495 -23.44683858 -15.54505045 -18.67133346
 -16.16817363 -16.99585616 -15.69246062]6[0m
    |   -- [91m[0.5 1.  0.  0.5 0.  0.5 0.  1.  0.  1.  0.  1. ][-0.77638718 -1.0321745  -1.03092971 -1.08871122 -0.71947957 -1.01209919
 -0.9905555  -0.70684177]7[0m
    |   -- [91m[0.   1.   0.   0.5  0.5  0.75 0.   1.   0.   1.   0.   1.  ][ 0.         -0.00521079 -0.16255491 -0.15311927 -0.16832535 -0.03844842
 -0.07109389 -0.02504606]2[0m
    |   -- [91m[0.   1.   0.   0.5  0.75 1.   0.   1.   0.   1.   0.   1.  ][-0.59193734 -0.37726617 -0.48240143 -0.65637566 -0.46980218 -0.54575668
 -0.49044992 -0.71643075]0[0m
    |   -- [91m[0.   0.5  0.5  0.75 0.   1.   0.   1.   0.   1.   0.   1.  ][ 0.         -0.02949627  0.          0.          0.          0.
  0.          0.        ]4[0m
    |   -- [91m[0.5  1.   0.5  0.75 0.   1.   0.   1.   0.   1.   0.   1.  ][-1.51952735 -1.13804929 -1.6889009  -1.29659949 -1.12095024 -1.42596398
 -1.59679826 -1.83919782]1[0m
    |   -- [91m[0.    1.    0.75  0.875 0.    1.    0.    1.    0.    1.    0.    1.   ][-0.21666901 -0.25762714 -0.01317525 -0.32964376 -0.52350715 -0.79180478
 -0.39199266 -0.29325338]3[0m
        -- [91m[0.    1.    0.875 1.    0.    1.    0.    1.    0.    1.    0.    1.   ][0. 0. 0. 0. 0. 0. 0. 0.]5[0m
-- [92m[0. 1. 0. 1. 0. 1. 0. 1. 0. 1. 0. 1.][[0. 0. 0. 0. 0. 0. 0. 0.]]-1[0m
after moving and partitioning 
        |   |   -- [92m[0.    0.25  0.    0.5   0.    0.125 0.    1.    0.    1.    0.    1.   ][[0. 0. 0. 0. 0. 0. 0. 0.]]3[0m
        |   |   -- [92m[0.    0.25  0.    0.5   0.125 0.25  0.    1.    0.    1.    0.    1.   ][[0. 0. 0. 0. 0. 0. 0. 0.]]6[0m
        |   |   -- [92m[0.    0.25  0.    0.5   0.25  0.375 0.    1.    0.    1.    0.    1.   ][[0. 0. 0. 0. 0. 0. 0. 0.]]1[0m
        |   |   -- [92m[0.    0.25  0.    0.5   0.375 0.5   0.    1.    0.    1.    0.    1.   ][[0. 0. 0. 0. 0. 0. 0. 0.]]7[0m
        |   |   -- [92m[0.25 0.5  0.   0.5  0.   0.5  0.   1.   0.   0.5  0.   0.5 ][[0. 0. 0. 0. 0. 0. 0. 0.]]0[0m
        |   |   -- [92m[0.25 0.5  0.   0.5  0.   0.5  0.   1.   0.5  1.   0.   0.5 ][[0. 0. 0. 0. 0. 0. 0. 0.]]5[0m
        |   |   -- [92m[0.25 0.5  0.   0.25 0.   0.5  0.   1.   0.   1.   0.5  1.  ][[0. 0. 0. 0. 0. 0. 0. 0.]]4[0m
            |   -- [92m[0.25 0.5  0.25 0.5  0.   0.5  0.   1.   0.   1.   0.5  1.  ][[0. 0. 0. 0. 0. 0. 0. 0.]]2[0m
    |   -- [91m[0.  0.5 0.  0.5 0.  0.5 0.  1.  0.  1.  0.  1. ][-15.39965447 -16.54813495 -23.44683858 -15.54505045 -18.67133346
 -16.16817363 -16.99585616 -15.69246062]6[0m
    |   -- [91m[0.5 1.  0.  0.5 0.  0.5 0.  1.  0.  1.  0.  1. ][-0.77638718 -1.0321745  -1.03092971 -1.08871122 -0.71947957 -1.01209919
 -0.9905555  -0.70684177]7[0m
    |   -- [91m[0.   1.   0.   0.5  0.5  0.75 0.   1.   0.   1.   0.   1.  ][ 0.         -0.00521079 -0.16255491 -0.15311927 -0.16832535 -0.03844842
 -0.07109389 -0.02504606]2[0m
    |   -- [91m[0.   1.   0.   0.5  0.75 1.   0.   1.   0.   1.   0.   1.  ][-0.59193734 -0.37726617 -0.48240143 -0.65637566 -0.46980218 -0.54575668
 -0.49044992 -0.71643075]0[0m
    |   -- [91m[0.   0.5  0.5  0.75 0.   1.   0.   1.   0.   1.   0.   1.  ][ 0.         -0.02949627  0.          0.          0.          0.
  0.          0.        ]4[0m
    |   -- [91m[0.5  1.   0.5  0.75 0.   1.   0.   1.   0.   1.   0.   1.  ][-1.51952735 -1.13804929 -1.6889009  -1.29659949 -1.12095024 -1.42596398
 -1.59679826 -1.83919782]1[0m
    |   -- [91m[0.    1.    0.75  0.875 0.    1.    0.    1.    0.    1.    0.    1.   ][-0.21666901 -0.25762714 -0.01317525 -0.32964376 -0.52350715 -0.79180478
 -0.39199266 -0.29325338]3[0m
        -- [91m[0.    1.    0.875 1.    0.    1.    0.    1.    0.    1.    0.    1.   ][0. 0. 0. 0. 0. 0. 0. 0.]5[0m
-- [92m[0. 1. 0. 1. 0. 1. 0. 1. 0. 1. 0. 1.][[0. 0. 0. 0. 0. 0. 0. 0.]]-1[0m
after moving and partitioning 
        |   |   -- [92m[0.   0.25 0.   0.5  0.   0.25 0.   0.5  0.   1.   0.   1.  ][[0. 0. 0. 0. 0. 0. 0. 0.]]0[0m
        |   |   -- [92m[0.   0.25 0.   0.5  0.   0.25 0.5  1.   0.   1.   0.   1.  ][[0. 0. 0. 0. 0. 0. 0. 0.]]2[0m
        |   |   -- [92m[0.    0.125 0.    0.5   0.25  0.5   0.    1.    0.    1.    0.    1.   ][[0. 0. 0. 0. 0. 0. 0. 0.]]6[0m
        |   |   -- [92m[0.125 0.25  0.    0.5   0.25  0.5   0.    1.    0.    1.    0.    1.   ][[0. 0. 0. 0. 0. 0. 0. 0.]]1[0m
        |   |   -- [92m[0.25 0.5  0.   0.25 0.   0.25 0.   1.   0.   1.   0.   1.  ][[0. 0. 0. 0. 0. 0. 0. 0.]]4[0m
        |   |   -- [92m[0.25 0.5  0.25 0.5  0.   0.25 0.   1.   0.   1.   0.   1.  ][[0. 0. 0. 0. 0. 0. 0. 0.]]5[0m
        |   |   -- [92m[0.25  0.5   0.    0.5   0.25  0.375 0.    1.    0.    1.    0.    1.   ][[0. 0. 0. 0. 0. 0. 0. 0.]]3[0m
            |   -- [92m[0.25  0.5   0.    0.5   0.375 0.5   0.    1.    0.    1.    0.    1.   ][[0. 0. 0. 0. 0. 0. 0. 0.]]7[0m
    |   -- [91m[0.  0.5 0.  0.5 0.  0.5 0.  1.  0.  1.  0.  1. ][-15.39965447 -16.54813495 -23.44683858 -15.54505045 -18.67133346
 -16.16817363 -16.99585616 -15.69246062]6[0m
    |   -- [91m[0.5 1.  0.  0.5 0.  0.5 0.  1.  0.  1.  0.  1. ][-0.77638718 -1.0321745  -1.03092971 -1.08871122 -0.71947957 -1.01209919
 -0.9905555  -0.70684177]7[0m
    |   -- [91m[0.   1.   0.   0.5  0.5  0.75 0.   1.   0.   1.   0.   1.  ][ 0.         -0.00521079 -0.16255491 -0.15311927 -0.16832535 -0.03844842
 -0.07109389 -0.02504606]2[0m
    |   -- [91m[0.   1.   0.   0.5  0.75 1.   0.   1.   0.   1.   0.   1.  ][-0.59193734 -0.37726617 -0.48240143 -0.65637566 -0.46980218 -0.54575668
 -0.49044992 -0.71643075]0[0m
    |   -- [91m[0.   0.5  0.5  0.75 0.   1.   0.   1.   0.   1.   0.   1.  ][ 0.         -0.02949627  0.          0.          0.          0.
  0.          0.        ]4[0m
    |   -- [91m[0.5  1.   0.5  0.75 0.   1.   0.   1.   0.   1.   0.   1.  ][-1.51952735 -1.13804929 -1.6889009  -1.29659949 -1.12095024 -1.42596398
 -1.59679826 -1.83919782]1[0m
    |   -- [91m[0.    1.    0.75  0.875 0.    1.    0.    1.    0.    1.    0.    1.   ][-0.21666901 -0.25762714 -0.01317525 -0.32964376 -0.52350715 -0.79180478
 -0.39199266 -0.29325338]3[0m
        -- [91m[0.    1.    0.875 1.    0.    1.    0.    1.    0.    1.    0.    1.   ][0. 0. 0. 0. 0. 0. 0. 0.]5[0m
-- [92m[0. 1. 0. 1. 0. 1. 0. 1. 0. 1. 0. 1.][[0. 0. 0. 0. 0. 0. 0. 0.]]-1[0m
roots after dim:  [<bo.agent.partition.Node object at 0x154807880>, <bo.agent.partition.Node object at 0x154b52500>, <bo.agent.partition.Node object at 0x154b39870>, <bo.agent.partition.Node object at 0x154bd7610>, <bo.agent.partition.Node object at 0x154c4fc70>, <bo.agent.partition.Node object at 0x154c4d480>]
        |   |   -- [92m[0.   0.25 0.   0.25 0.   0.5  0.   1.   0.   0.5  0.   1.  ][0. 0. 0. 0. 0. 0. 0. 0.]1[0m
        |   |   -- [92m[0.25 0.5  0.   0.25 0.   0.5  0.   1.   0.   0.5  0.   1.  ][0. 0. 0. 0. 0. 0. 0. 0.]0[0m
        |   |   -- [92m[0.   0.5  0.   0.25 0.   0.5  0.   1.   0.5  0.75 0.   1.  ][0. 0. 0. 0. 0. 0. 0. 0.]3[0m
        |   |   -- [92m[0.   0.5  0.   0.25 0.   0.5  0.   1.   0.75 1.   0.   1.  ][0. 0. 0. 0. 0. 0. 0. 0.]2[0m
        |   |   -- [92m[0.    0.5   0.25  0.375 0.    0.5   0.    1.    0.    1.    0.    0.5  ][0. 0. 0. 0. 0. 0. 0. 0.]5[0m
        |   |   -- [92m[0.    0.5   0.375 0.5   0.    0.5   0.    1.    0.    1.    0.    0.5  ][0. 0. 0. 0. 0. 0. 0. 0.]4[0m
        |   |   -- [92m[0.   0.5  0.25 0.5  0.   0.5  0.   1.   0.   0.5  0.5  1.  ][0. 0. 0. 0. 0. 0. 0. 0.]6[0m
            |   -- [92m[0.   0.5  0.25 0.5  0.   0.5  0.   1.   0.5  1.   0.5  1.  ][0. 0. 0. 0. 0. 0. 0. 0.]7[0m
    |   -- [91m[0.  0.5 0.  0.5 0.  0.5 0.  1.  0.  1.  0.  1. ][-15.39965447 -16.54813495 -23.44683858 -15.54505045 -18.67133346
 -16.16817363 -16.99585616 -15.69246062]3[0m
    |   -- [91m[0.5 1.  0.  0.5 0.  0.5 0.  1.  0.  1.  0.  1. ][-0.77638718 -1.0321745  -1.03092971 -1.08871122 -0.71947957 -1.01209919
 -0.9905555  -0.70684177]4[0m
    |   -- [91m[0.   1.   0.   0.5  0.5  0.75 0.   1.   0.   1.   0.   1.  ][ 0.         -0.00521079 -0.16255491 -0.15311927 -0.16832535 -0.03844842
 -0.07109389 -0.02504606]7[0m
    |   -- [91m[0.   1.   0.   0.5  0.75 1.   0.   1.   0.   1.   0.   1.  ][-0.59193734 -0.37726617 -0.48240143 -0.65637566 -0.46980218 -0.54575668
 -0.49044992 -0.71643075]2[0m
    |   -- [91m[0.   0.5  0.5  0.75 0.   1.   0.   1.   0.   1.   0.   1.  ][ 0.         -0.02949627  0.          0.          0.          0.
  0.          0.        ]1[0m
    |   -- [91m[0.5  1.   0.5  0.75 0.   1.   0.   1.   0.   1.   0.   1.  ][-1.51952735 -1.13804929 -1.6889009  -1.29659949 -1.12095024 -1.42596398
 -1.59679826 -1.83919782]5[0m
    |   -- [91m[0.    1.    0.75  0.875 0.    1.    0.    1.    0.    1.    0.    1.   ][-0.21666901 -0.25762714 -0.01317525 -0.32964376 -0.52350715 -0.79180478
 -0.39199266 -0.29325338]6[0m
        -- [91m[0.    1.    0.875 1.    0.    1.    0.    1.    0.    1.    0.    1.   ][0. 0. 0. 0. 0. 0. 0. 0.]0[0m
-- [92m[0. 1. 0. 1. 0. 1. 0. 1. 0. 1. 0. 1.][[0. 0. 0. 0. 0. 0. 0. 0.]]-1[0m
        |   |   -- [92m[0.   0.5  0.   0.5  0.   0.25 0.   1.   0.   0.5  0.   0.5 ][0. 0. 0. 0. 0. 0. 0. 0.]1[0m
        |   |   -- [92m[0.   0.5  0.   0.5  0.25 0.5  0.   1.   0.   0.5  0.   0.5 ][0. 0. 0. 0. 0. 0. 0. 0.]0[0m
        |   |   -- [92m[0.   0.5  0.   0.5  0.   0.5  0.   1.   0.5  1.   0.   0.25][0. 0. 0. 0. 0. 0. 0. 0.]3[0m
        |   |   -- [92m[0.   0.5  0.   0.5  0.   0.5  0.   1.   0.5  1.   0.25 0.5 ][0. 0. 0. 0. 0. 0. 0. 0.]2[0m
        |   |   -- [92m[0.   0.5  0.   0.25 0.   0.25 0.   1.   0.   1.   0.5  1.  ][0. 0. 0. 0. 0. 0. 0. 0.]5[0m
        |   |   -- [92m[0.   0.5  0.   0.25 0.25 0.5  0.   1.   0.   1.   0.5  1.  ][0. 0. 0. 0. 0. 0. 0. 0.]4[0m
        |   |   -- [92m[0.   0.5  0.25 0.5  0.   0.5  0.   1.   0.   0.5  0.5  1.  ][0. 0. 0. 0. 0. 0. 0. 0.]6[0m
            |   -- [92m[0.   0.5  0.25 0.5  0.   0.5  0.   1.   0.5  1.   0.5  1.  ][0. 0. 0. 0. 0. 0. 0. 0.]7[0m
    |   -- [91m[0.  0.5 0.  0.5 0.  0.5 0.  1.  0.  1.  0.  1. ][-15.39965447 -16.54813495 -23.44683858 -15.54505045 -18.67133346
 -16.16817363 -16.99585616 -15.69246062]2[0m
    |   -- [91m[0.5 1.  0.  0.5 0.  0.5 0.  1.  0.  1.  0.  1. ][-0.77638718 -1.0321745  -1.03092971 -1.08871122 -0.71947957 -1.01209919
 -0.9905555  -0.70684177]5[0m
    |   -- [91m[0.   1.   0.   0.5  0.5  0.75 0.   1.   0.   1.   0.   1.  ][ 0.         -0.00521079 -0.16255491 -0.15311927 -0.16832535 -0.03844842
 -0.07109389 -0.02504606]1[0m
    |   -- [91m[0.   1.   0.   0.5  0.75 1.   0.   1.   0.   1.   0.   1.  ][-0.59193734 -0.37726617 -0.48240143 -0.65637566 -0.46980218 -0.54575668
 -0.49044992 -0.71643075]3[0m
    |   -- [91m[0.   0.5  0.5  0.75 0.   1.   0.   1.   0.   1.   0.   1.  ][ 0.         -0.02949627  0.          0.          0.          0.
  0.          0.        ]7[0m
    |   -- [91m[0.5  1.   0.5  0.75 0.   1.   0.   1.   0.   1.   0.   1.  ][-1.51952735 -1.13804929 -1.6889009  -1.29659949 -1.12095024 -1.42596398
 -1.59679826 -1.83919782]4[0m
    |   -- [91m[0.    1.    0.75  0.875 0.    1.    0.    1.    0.    1.    0.    1.   ][-0.21666901 -0.25762714 -0.01317525 -0.32964376 -0.52350715 -0.79180478
 -0.39199266 -0.29325338]0[0m
        -- [91m[0.    1.    0.875 1.    0.    1.    0.    1.    0.    1.    0.    1.   ][0. 0. 0. 0. 0. 0. 0. 0.]6[0m
-- [92m[0. 1. 0. 1. 0. 1. 0. 1. 0. 1. 0. 1.][[0. 0. 0. 0. 0. 0. 0. 0.]]-1[0m
        |   |   -- [92m[0.   0.25 0.   0.5  0.   0.5  0.   1.   0.   0.5  0.   0.5 ][0. 0. 0. 0. 0. 0. 0. 0.]1[0m
        |   |   -- [92m[0.25 0.5  0.   0.5  0.   0.5  0.   1.   0.   0.5  0.   0.5 ][0. 0. 0. 0. 0. 0. 0. 0.]0[0m
        |   |   -- [92m[0.   0.25 0.   0.5  0.   0.5  0.   1.   0.   0.5  0.5  1.  ][0. 0. 0. 0. 0. 0. 0. 0.]3[0m
        |   |   -- [92m[0.25 0.5  0.   0.5  0.   0.5  0.   1.   0.   0.5  0.5  1.  ][0. 0. 0. 0. 0. 0. 0. 0.]2[0m
        |   |   -- [92m[0.   0.5  0.   0.25 0.   0.5  0.   1.   0.5  0.75 0.   1.  ][0. 0. 0. 0. 0. 0. 0. 0.]5[0m
        |   |   -- [92m[0.   0.5  0.25 0.5  0.   0.5  0.   1.   0.5  0.75 0.   1.  ][0. 0. 0. 0. 0. 0. 0. 0.]4[0m
        |   |   -- [92m[0.   0.5  0.   0.5  0.   0.25 0.   1.   0.75 1.   0.   1.  ][0. 0. 0. 0. 0. 0. 0. 0.]6[0m
            |   -- [92m[0.   0.5  0.   0.5  0.25 0.5  0.   1.   0.75 1.   0.   1.  ][0. 0. 0. 0. 0. 0. 0. 0.]7[0m
    |   -- [91m[0.  0.5 0.  0.5 0.  0.5 0.  1.  0.  1.  0.  1. ][-15.39965447 -16.54813495 -23.44683858 -15.54505045 -18.67133346
 -16.16817363 -16.99585616 -15.69246062]5[0m
    |   -- [91m[0.5 1.  0.  0.5 0.  0.5 0.  1.  0.  1.  0.  1. ][-0.77638718 -1.0321745  -1.03092971 -1.08871122 -0.71947957 -1.01209919
 -0.9905555  -0.70684177]6[0m
    |   -- [91m[0.   1.   0.   0.5  0.5  0.75 0.   1.   0.   1.   0.   1.  ][ 0.         -0.00521079 -0.16255491 -0.15311927 -0.16832535 -0.03844842
 -0.07109389 -0.02504606]1[0m
    |   -- [91m[0.   1.   0.   0.5  0.75 1.   0.   1.   0.   1.   0.   1.  ][-0.59193734 -0.37726617 -0.48240143 -0.65637566 -0.46980218 -0.54575668
 -0.49044992 -0.71643075]4[0m
    |   -- [91m[0.   0.5  0.5  0.75 0.   1.   0.   1.   0.   1.   0.   1.  ][ 0.         -0.02949627  0.          0.          0.          0.
  0.          0.        ]2[0m
    |   -- [91m[0.5  1.   0.5  0.75 0.   1.   0.   1.   0.   1.   0.   1.  ][-1.51952735 -1.13804929 -1.6889009  -1.29659949 -1.12095024 -1.42596398
 -1.59679826 -1.83919782]0[0m
    |   -- [91m[0.    1.    0.75  0.875 0.    1.    0.    1.    0.    1.    0.    1.   ][-0.21666901 -0.25762714 -0.01317525 -0.32964376 -0.52350715 -0.79180478
 -0.39199266 -0.29325338]3[0m
        -- [91m[0.    1.    0.875 1.    0.    1.    0.    1.    0.    1.    0.    1.   ][0. 0. 0. 0. 0. 0. 0. 0.]7[0m
-- [92m[0. 1. 0. 1. 0. 1. 0. 1. 0. 1. 0. 1.][[0. 0. 0. 0. 0. 0. 0. 0.]]-1[0m
        |   |   -- [92m[0.   0.25 0.   0.25 0.   0.5  0.   1.   0.   0.5  0.   1.  ][0. 0. 0. 0. 0. 0. 0. 0.]1[0m
        |   |   -- [92m[0.   0.25 0.25 0.5  0.   0.5  0.   1.   0.   0.5  0.   1.  ][0. 0. 0. 0. 0. 0. 0. 0.]0[0m
        |   |   -- [92m[0.   0.25 0.   0.5  0.   0.25 0.   1.   0.5  1.   0.   1.  ][0. 0. 0. 0. 0. 0. 0. 0.]3[0m
        |   |   -- [92m[0.   0.25 0.   0.5  0.25 0.5  0.   1.   0.5  1.   0.   1.  ][0. 0. 0. 0. 0. 0. 0. 0.]2[0m
        |   |   -- [92m[0.25 0.5  0.   0.5  0.   0.5  0.   0.5  0.   0.5  0.   1.  ][0. 0. 0. 0. 0. 0. 0. 0.]5[0m
        |   |   -- [92m[0.25 0.5  0.   0.5  0.   0.5  0.   0.5  0.5  1.   0.   1.  ][0. 0. 0. 0. 0. 0. 0. 0.]4[0m
        |   |   -- [92m[0.25 0.5  0.   0.5  0.   0.5  0.5  0.75 0.   1.   0.   1.  ][0. 0. 0. 0. 0. 0. 0. 0.]6[0m
            |   -- [92m[0.25 0.5  0.   0.5  0.   0.5  0.75 1.   0.   1.   0.   1.  ][0. 0. 0. 0. 0. 0. 0. 0.]7[0m
    |   -- [91m[0.  0.5 0.  0.5 0.  0.5 0.  1.  0.  1.  0.  1. ][-15.39965447 -16.54813495 -23.44683858 -15.54505045 -18.67133346
 -16.16817363 -16.99585616 -15.69246062]5[0m
    |   -- [91m[0.5 1.  0.  0.5 0.  0.5 0.  1.  0.  1.  0.  1. ][-0.77638718 -1.0321745  -1.03092971 -1.08871122 -0.71947957 -1.01209919
 -0.9905555  -0.70684177]6[0m
    |   -- [91m[0.   1.   0.   0.5  0.5  0.75 0.   1.   0.   1.   0.   1.  ][ 0.         -0.00521079 -0.16255491 -0.15311927 -0.16832535 -0.03844842
 -0.07109389 -0.02504606]0[0m
    |   -- [91m[0.   1.   0.   0.5  0.75 1.   0.   1.   0.   1.   0.   1.  ][-0.59193734 -0.37726617 -0.48240143 -0.65637566 -0.46980218 -0.54575668
 -0.49044992 -0.71643075]7[0m
    |   -- [91m[0.   0.5  0.5  0.75 0.   1.   0.   1.   0.   1.   0.   1.  ][ 0.         -0.02949627  0.          0.          0.          0.
  0.          0.        ]1[0m
    |   -- [91m[0.5  1.   0.5  0.75 0.   1.   0.   1.   0.   1.   0.   1.  ][-1.51952735 -1.13804929 -1.6889009  -1.29659949 -1.12095024 -1.42596398
 -1.59679826 -1.83919782]4[0m
    |   -- [91m[0.    1.    0.75  0.875 0.    1.    0.    1.    0.    1.    0.    1.   ][-0.21666901 -0.25762714 -0.01317525 -0.32964376 -0.52350715 -0.79180478
 -0.39199266 -0.29325338]3[0m
        -- [91m[0.    1.    0.875 1.    0.    1.    0.    1.    0.    1.    0.    1.   ][0. 0. 0. 0. 0. 0. 0. 0.]2[0m
-- [92m[0. 1. 0. 1. 0. 1. 0. 1. 0. 1. 0. 1.][[0. 0. 0. 0. 0. 0. 0. 0.]]-1[0m
        |   |   -- [92m[0.    0.25  0.    0.5   0.    0.125 0.    1.    0.    1.    0.    1.   ][0. 0. 0. 0. 0. 0. 0. 0.]1[0m
        |   |   -- [92m[0.    0.25  0.    0.5   0.125 0.25  0.    1.    0.    1.    0.    1.   ][0. 0. 0. 0. 0. 0. 0. 0.]0[0m
        |   |   -- [92m[0.    0.25  0.    0.5   0.25  0.375 0.    1.    0.    1.    0.    1.   ][0. 0. 0. 0. 0. 0. 0. 0.]3[0m
        |   |   -- [92m[0.    0.25  0.    0.5   0.375 0.5   0.    1.    0.    1.    0.    1.   ][0. 0. 0. 0. 0. 0. 0. 0.]2[0m
        |   |   -- [92m[0.25 0.5  0.   0.5  0.   0.5  0.   1.   0.   0.5  0.   0.5 ][0. 0. 0. 0. 0. 0. 0. 0.]5[0m
        |   |   -- [92m[0.25 0.5  0.   0.5  0.   0.5  0.   1.   0.5  1.   0.   0.5 ][0. 0. 0. 0. 0. 0. 0. 0.]4[0m
        |   |   -- [92m[0.25 0.5  0.   0.25 0.   0.5  0.   1.   0.   1.   0.5  1.  ][0. 0. 0. 0. 0. 0. 0. 0.]6[0m
            |   -- [92m[0.25 0.5  0.25 0.5  0.   0.5  0.   1.   0.   1.   0.5  1.  ][0. 0. 0. 0. 0. 0. 0. 0.]7[0m
    |   -- [91m[0.  0.5 0.  0.5 0.  0.5 0.  1.  0.  1.  0.  1. ][-15.39965447 -16.54813495 -23.44683858 -15.54505045 -18.67133346
 -16.16817363 -16.99585616 -15.69246062]0[0m
    |   -- [91m[0.5 1.  0.  0.5 0.  0.5 0.  1.  0.  1.  0.  1. ][-0.77638718 -1.0321745  -1.03092971 -1.08871122 -0.71947957 -1.01209919
 -0.9905555  -0.70684177]2[0m
    |   -- [91m[0.   1.   0.   0.5  0.5  0.75 0.   1.   0.   1.   0.   1.  ][ 0.         -0.00521079 -0.16255491 -0.15311927 -0.16832535 -0.03844842
 -0.07109389 -0.02504606]7[0m
    |   -- [91m[0.   1.   0.   0.5  0.75 1.   0.   1.   0.   1.   0.   1.  ][-0.59193734 -0.37726617 -0.48240143 -0.65637566 -0.46980218 -0.54575668
 -0.49044992 -0.71643075]5[0m
    |   -- [91m[0.   0.5  0.5  0.75 0.   1.   0.   1.   0.   1.   0.   1.  ][ 0.         -0.02949627  0.          0.          0.          0.
  0.          0.        ]6[0m
    |   -- [91m[0.5  1.   0.5  0.75 0.   1.   0.   1.   0.   1.   0.   1.  ][-1.51952735 -1.13804929 -1.6889009  -1.29659949 -1.12095024 -1.42596398
 -1.59679826 -1.83919782]3[0m
    |   -- [91m[0.    1.    0.75  0.875 0.    1.    0.    1.    0.    1.    0.    1.   ][-0.21666901 -0.25762714 -0.01317525 -0.32964376 -0.52350715 -0.79180478
 -0.39199266 -0.29325338]1[0m
        -- [91m[0.    1.    0.875 1.    0.    1.    0.    1.    0.    1.    0.    1.   ][0. 0. 0. 0. 0. 0. 0. 0.]4[0m
-- [92m[0. 1. 0. 1. 0. 1. 0. 1. 0. 1. 0. 1.][[0. 0. 0. 0. 0. 0. 0. 0.]]-1[0m
        |   |   -- [92m[0.   0.25 0.   0.5  0.   0.25 0.   0.5  0.   1.   0.   1.  ][0. 0. 0. 0. 0. 0. 0. 0.]1[0m
        |   |   -- [92m[0.   0.25 0.   0.5  0.   0.25 0.5  1.   0.   1.   0.   1.  ][0. 0. 0. 0. 0. 0. 0. 0.]0[0m
        |   |   -- [92m[0.    0.125 0.    0.5   0.25  0.5   0.    1.    0.    1.    0.    1.   ][0. 0. 0. 0. 0. 0. 0. 0.]3[0m
        |   |   -- [92m[0.125 0.25  0.    0.5   0.25  0.5   0.    1.    0.    1.    0.    1.   ][0. 0. 0. 0. 0. 0. 0. 0.]2[0m
        |   |   -- [92m[0.25 0.5  0.   0.25 0.   0.25 0.   1.   0.   1.   0.   1.  ][0. 0. 0. 0. 0. 0. 0. 0.]5[0m
        |   |   -- [92m[0.25 0.5  0.25 0.5  0.   0.25 0.   1.   0.   1.   0.   1.  ][0. 0. 0. 0. 0. 0. 0. 0.]4[0m
        |   |   -- [92m[0.25  0.5   0.    0.5   0.25  0.375 0.    1.    0.    1.    0.    1.   ][0. 0. 0. 0. 0. 0. 0. 0.]6[0m
            |   -- [92m[0.25  0.5   0.    0.5   0.375 0.5   0.    1.    0.    1.    0.    1.   ][0. 0. 0. 0. 0. 0. 0. 0.]7[0m
    |   -- [91m[0.  0.5 0.  0.5 0.  0.5 0.  1.  0.  1.  0.  1. ][-15.39965447 -16.54813495 -23.44683858 -15.54505045 -18.67133346
 -16.16817363 -16.99585616 -15.69246062]3[0m
    |   -- [91m[0.5 1.  0.  0.5 0.  0.5 0.  1.  0.  1.  0.  1. ][-0.77638718 -1.0321745  -1.03092971 -1.08871122 -0.71947957 -1.01209919
 -0.9905555  -0.70684177]7[0m
    |   -- [91m[0.   1.   0.   0.5  0.5  0.75 0.   1.   0.   1.   0.   1.  ][ 0.         -0.00521079 -0.16255491 -0.15311927 -0.16832535 -0.03844842
 -0.07109389 -0.02504606]0[0m
    |   -- [91m[0.   1.   0.   0.5  0.75 1.   0.   1.   0.   1.   0.   1.  ][-0.59193734 -0.37726617 -0.48240143 -0.65637566 -0.46980218 -0.54575668
 -0.49044992 -0.71643075]1[0m
    |   -- [91m[0.   0.5  0.5  0.75 0.   1.   0.   1.   0.   1.   0.   1.  ][ 0.         -0.02949627  0.          0.          0.          0.
  0.          0.        ]5[0m
    |   -- [91m[0.5  1.   0.5  0.75 0.   1.   0.   1.   0.   1.   0.   1.  ][-1.51952735 -1.13804929 -1.6889009  -1.29659949 -1.12095024 -1.42596398
 -1.59679826 -1.83919782]2[0m
    |   -- [91m[0.    1.    0.75  0.875 0.    1.    0.    1.    0.    1.    0.    1.   ][-0.21666901 -0.25762714 -0.01317525 -0.32964376 -0.52350715 -0.79180478
 -0.39199266 -0.29325338]6[0m
        -- [91m[0.    1.    0.875 1.    0.    1.    0.    1.    0.    1.    0.    1.   ][0. 0. 0. 0. 0. 0. 0. 0.]4[0m
-- [92m[0. 1. 0. 1. 0. 1. 0. 1. 0. 1. 0. 1.][[0. 0. 0. 0. 0. 0. 0. 0.]]-1[0m
xroots and agents b4 joblib :  6 6
Xs_root from joblib  6
$$$$$$$$$$$$$$$$$$$$$$$$$$$$$$$$$$$$$$$$$$$$$$$$$$$$$$$$$$$$$$$$$$$$$$$$$$$$$$$$$$$$$$$$$$$$$$$$$$$$
        |   |   -- [92m[0.   0.25 0.   0.25 0.   0.5  0.   1.   0.   0.5  0.   1.  ][-1.14594635  0.         -0.23995466 -0.38619052 -0.2951458   0.
 -0.42568687 -0.35605098]1[0m
        |   |   -- [92m[0.25 0.5  0.   0.25 0.   0.5  0.   1.   0.   0.5  0.   1.  ][-0.05671493  0.          0.          0.          0.          0.
  0.         -0.1761756 ]0[0m
        |   |   -- [92m[0.   0.5  0.   0.25 0.   0.5  0.   1.   0.5  0.75 0.   1.  ][ 0.          0.          0.          0.         -0.00996107 -0.46841158
  0.         -0.24646835]3[0m
        |   |   -- [92m[0.   0.5  0.   0.25 0.   0.5  0.   1.   0.75 1.   0.   1.  ][ 0.         -0.05142446  0.          0.          0.          0.
  0.          0.        ]2[0m
        |   |   -- [92m[0.    0.5   0.25  0.375 0.    0.5   0.    1.    0.    1.    0.    0.5  ][ 0.          0.         -0.00884712 -0.29160121  0.          0.
 -0.02727005 -0.01914929]5[0m
        |   |   -- [92m[0.    0.5   0.375 0.5   0.    0.5   0.    1.    0.    1.    0.    0.5  ][-0.15751489  0.          0.          0.          0.          0.
  0.          0.        ]4[0m
        |   |   -- [92m[0.   0.5  0.25 0.5  0.   0.5  0.   1.   0.   0.5  0.5  1.  ][-0.18864039 -0.09131986 -0.19708894  0.         -1.41934346 -0.06904581
 -0.44695505 -0.14195452]6[0m
            |   -- [92m[0.   0.5  0.25 0.5  0.   0.5  0.   1.   0.5  1.   0.5  1.  ][ 0.         -0.3745133   0.         -0.44854565  0.         -0.12847113
  0.         -0.10050672]7[0m
    |   -- [91m[0.  0.5 0.  0.5 0.  0.5 0.  1.  0.  1.  0.  1. ][-15.39965447 -16.54813495 -23.44683858 -15.54505045 -18.67133346
 -16.16817363 -16.99585616 -15.69246062]3[0m
    |   -- [91m[0.5 1.  0.  0.5 0.  0.5 0.  1.  0.  1.  0.  1. ][0. 0. 0. 0. 0. 0. 0. 0.]4[0m
    |   -- [91m[0.   1.   0.   0.5  0.5  0.75 0.   1.   0.   1.   0.   1.  ][0. 0. 0. 0. 0. 0. 0. 0.]7[0m
    |   -- [91m[0.   1.   0.   0.5  0.75 1.   0.   1.   0.   1.   0.   1.  ][0. 0. 0. 0. 0. 0. 0. 0.]2[0m
    |   -- [91m[0.   0.5  0.5  0.75 0.   1.   0.   1.   0.   1.   0.   1.  ][0. 0. 0. 0. 0. 0. 0. 0.]1[0m
    |   -- [91m[0.5  1.   0.5  0.75 0.   1.   0.   1.   0.   1.   0.   1.  ][0. 0. 0. 0. 0. 0. 0. 0.]5[0m
    |   -- [91m[0.    1.    0.75  0.875 0.    1.    0.    1.    0.    1.    0.    1.   ][ 0.          0.         -0.06311274 -0.18376638 -0.58789281 -0.53054854
  0.         -0.00795663]6[0m
        -- [91m[0.    1.    0.875 1.    0.    1.    0.    1.    0.    1.    0.    1.   ][0. 0. 0. 0. 0. 0. 0. 0.]0[0m
-- [92m[0. 1. 0. 1. 0. 1. 0. 1. 0. 1. 0. 1.][[0. 0. 0. 0. 0. 0. 0. 0.]]-1[0m
$$$$$$$$$$$$$$$$$$$$$$$$$$$$$$$$$$$$$$$$$$$$$$$$$$$$$$$$$$$$$$$$$$$$$$$$$$$$$$$$$$$$$$$$$$$$$$$$$$$$
$$$$$$$$$$$$$$$$$$$$$$$$$$$$$$$$$$$$$$$$$$$$$$$$$$$$$$$$$$$$$$$$$$$$$$$$$$$$$$$$$$$$$$$$$$$$$$$$$$$$
        |   |   -- [92m[0.   0.5  0.   0.5  0.   0.25 0.   1.   0.   0.5  0.   0.5 ][-0.12721682 -0.30030235 -0.20105199 -0.24197461 -0.31451537 -0.67548658
 -0.30592844 -0.40008042]1[0m
        |   |   -- [92m[0.   0.5  0.   0.5  0.25 0.5  0.   1.   0.   0.5  0.   0.5 ][ 0.         -0.24618789  0.          0.          0.          0.
  0.          0.        ]0[0m
        |   |   -- [92m[0.   0.5  0.   0.5  0.   0.5  0.   1.   0.5  1.   0.   0.25][-1.13081194 -0.13886284 -1.33766188 -1.2999937  -0.8512577  -0.44127837
 -0.41990448 -0.74588532]3[0m
        |   |   -- [92m[0.   0.5  0.   0.5  0.   0.5  0.   1.   0.5  1.   0.25 0.5 ][-0.01397914  0.          0.         -0.66670055  0.          0.
  0.          0.        ]2[0m
        |   |   -- [92m[0.   0.5  0.   0.25 0.   0.25 0.   1.   0.   1.   0.5  1.  ][-0.50907389  0.         -0.5897161  -0.13391678 -0.82559962 -0.19716093
 -0.57931383 -0.26160698]5[0m
        |   |   -- [92m[0.   0.5  0.   0.25 0.25 0.5  0.   1.   0.   1.   0.5  1.  ][ 0.         -0.23740155 -0.00943955  0.         -0.09104344  0.
 -0.11476406 -0.209917  ]4[0m
        |   |   -- [92m[0.   0.5  0.25 0.5  0.   0.5  0.   1.   0.   0.5  0.5  1.  ][-2.32377655 -2.39496064 -1.0092578  -4.07441201 -0.89761499 -1.33237946
 -1.01507223 -1.33127722]6[0m
            |   -- [92m[0.   0.5  0.25 0.5  0.   0.5  0.   1.   0.5  1.   0.5  1.  ][-0.4544207  -1.03657442 -0.38006895 -0.59249558 -0.95838406  0.
 -0.36447899 -1.15630614]7[0m
    |   -- [91m[0.  0.5 0.  0.5 0.  0.5 0.  1.  0.  1.  0.  1. ][-15.39965447 -16.54813495 -23.44683858 -15.54505045 -18.67133346
 -16.16817363 -16.99585616 -15.69246062]2[0m
    |   -- [91m[0.5 1.  0.  0.5 0.  0.5 0.  1.  0.  1.  0.  1. ][0. 0. 0. 0. 0. 0. 0. 0.]5[0m
    |   -- [91m[0.   1.   0.   0.5  0.5  0.75 0.   1.   0.   1.   0.   1.  ][0. 0. 0. 0. 0. 0. 0. 0.]1[0m
    |   -- [91m[0.   1.   0.   0.5  0.75 1.   0.   1.   0.   1.   0.   1.  ][0. 0. 0. 0. 0. 0. 0. 0.]3[0m
    |   -- [91m[0.   0.5  0.5  0.75 0.   1.   0.   1.   0.   1.   0.   1.  ][0. 0. 0. 0. 0. 0. 0. 0.]7[0m
    |   -- [91m[0.5  1.   0.5  0.75 0.   1.   0.   1.   0.   1.   0.   1.  ][0. 0. 0. 0. 0. 0. 0. 0.]4[0m
    |   -- [91m[0.    1.    0.75  0.875 0.    1.    0.    1.    0.    1.    0.    1.   ][-0.95191239 -0.21327289 -0.063301   -0.6793914  -1.13939759 -0.10553027
 -0.65192777  0.        ]0[0m
        -- [91m[0.    1.    0.875 1.    0.    1.    0.    1.    0.    1.    0.    1.   ][0. 0. 0. 0. 0. 0. 0. 0.]6[0m
-- [92m[0. 1. 0. 1. 0. 1. 0. 1. 0. 1. 0. 1.][[0. 0. 0. 0. 0. 0. 0. 0.]]-1[0m
$$$$$$$$$$$$$$$$$$$$$$$$$$$$$$$$$$$$$$$$$$$$$$$$$$$$$$$$$$$$$$$$$$$$$$$$$$$$$$$$$$$$$$$$$$$$$$$$$$$$
$$$$$$$$$$$$$$$$$$$$$$$$$$$$$$$$$$$$$$$$$$$$$$$$$$$$$$$$$$$$$$$$$$$$$$$$$$$$$$$$$$$$$$$$$$$$$$$$$$$$
        |   |   -- [92m[0.   0.25 0.   0.5  0.   0.5  0.   1.   0.   0.5  0.   0.5 ][0. 0. 0. 0. 0. 0. 0. 0.]1[0m
        |   |   -- [92m[0.25 0.5  0.   0.5  0.   0.5  0.   1.   0.   0.5  0.   0.5 ][-7.78043672e+00 -1.20088876e+00  0.00000000e+00  0.00000000e+00
 -4.49189564e-01  0.00000000e+00 -6.43609618e-04  0.00000000e+00]0[0m
        |   |   -- [92m[0.   0.25 0.   0.5  0.   0.5  0.   1.   0.   0.5  0.5  1.  ][-0.40886295 -1.52022349 -0.03684501 -0.8696025  -1.6730305  -0.69311221
 -0.75946714 -0.90821669]3[0m
        |   |   -- [92m[0.25 0.5  0.   0.5  0.   0.5  0.   1.   0.   0.5  0.5  1.  ][-1.08220732 -0.2434861  -1.21831428 -0.95666406 -1.21823782 -1.12838704
 -1.13676554 -0.21005374]2[0m
        |   |   -- [92m[0.   0.5  0.   0.25 0.   0.5  0.   1.   0.5  0.75 0.   1.  ][ 0.         -0.2095805   0.          0.         -0.30307239  0.
  0.          0.        ]5[0m
        |   |   -- [92m[0.   0.5  0.25 0.5  0.   0.5  0.   1.   0.5  0.75 0.   1.  ][-3.39616956 -1.35952666 -1.49465315 -1.33587178 -1.55413277 -1.50915411
 -1.36575428 -1.07141914]4[0m
        |   |   -- [92m[0.   0.5  0.   0.5  0.   0.25 0.   1.   0.75 1.   0.   1.  ][0. 0. 0. 0. 0. 0. 0. 0.]6[0m
            |   -- [92m[0.   0.5  0.   0.5  0.25 0.5  0.   1.   0.75 1.   0.   1.  ][0. 0. 0. 0. 0. 0. 0. 0.]7[0m
    |   -- [91m[0.  0.5 0.  0.5 0.  0.5 0.  1.  0.  1.  0.  1. ][-15.39965447 -16.54813495 -23.44683858 -15.54505045 -18.67133346
 -16.16817363 -16.99585616 -15.69246062]5[0m
    |   -- [91m[0.5 1.  0.  0.5 0.  0.5 0.  1.  0.  1.  0.  1. ][-0.61313912 -0.54645546 -0.53171757 -0.33889684 -0.57281998 -0.182972
 -0.81067688 -0.55201892]6[0m
    |   -- [91m[0.   1.   0.   0.5  0.5  0.75 0.   1.   0.   1.   0.   1.  ][ 0.          0.         -0.03077259 -0.02964595 -0.02781382 -0.08847069
  0.          0.        ]1[0m
    |   -- [91m[0.   1.   0.   0.5  0.75 1.   0.   1.   0.   1.   0.   1.  ][-0.25152059 -0.22747502 -0.2782999  -0.21100679 -0.19161725 -0.25480683
 -0.23670457 -0.39844427]4[0m
    |   -- [91m[0.   0.5  0.5  0.75 0.   1.   0.   1.   0.   1.   0.   1.  ][-0.05173474  0.         -0.03669299 -0.0169463  -0.11107492 -0.10722108
 -0.04447793 -0.04273917]2[0m
    |   -- [91m[0.5  1.   0.5  0.75 0.   1.   0.   1.   0.   1.   0.   1.  ][-0.74176892 -0.25914085 -0.49926417 -0.80703921 -0.73263169 -0.88865984
 -1.07399219 -1.21664535]0[0m
    |   -- [91m[0.    1.    0.75  0.875 0.    1.    0.    1.    0.    1.    0.    1.   ][-1.10223251 -1.1826601  -1.11399023 -1.12332479 -1.53701349 -1.45823133
 -1.04394687 -0.82207663]3[0m
        -- [91m[0.    1.    0.875 1.    0.    1.    0.    1.    0.    1.    0.    1.   ][-0.5275008  -0.32022648 -0.86569359  0.         -0.42611728 -0.54489554
 -0.876321   -0.27596229]7[0m
-- [92m[0. 1. 0. 1. 0. 1. 0. 1. 0. 1. 0. 1.][[0. 0. 0. 0. 0. 0. 0. 0.]]-1[0m
$$$$$$$$$$$$$$$$$$$$$$$$$$$$$$$$$$$$$$$$$$$$$$$$$$$$$$$$$$$$$$$$$$$$$$$$$$$$$$$$$$$$$$$$$$$$$$$$$$$$
$$$$$$$$$$$$$$$$$$$$$$$$$$$$$$$$$$$$$$$$$$$$$$$$$$$$$$$$$$$$$$$$$$$$$$$$$$$$$$$$$$$$$$$$$$$$$$$$$$$$
        |   |   -- [92m[0.   0.25 0.   0.25 0.   0.5  0.   1.   0.   0.5  0.   1.  ][-0.32348434 -0.07231106 -0.40193848 -0.34504354 -0.03194936 -0.43167961
 -0.85132246 -0.25176082]1[0m
        |   |   -- [92m[0.   0.25 0.25 0.5  0.   0.5  0.   1.   0.   0.5  0.   1.  ][ 0.          0.          0.          0.          0.         -0.11962506
 -0.0588053   0.        ]0[0m
        |   |   -- [92m[0.   0.25 0.   0.5  0.   0.25 0.   1.   0.5  1.   0.   1.  ][-0.11250945  0.          0.          0.         -0.16901438  0.
 -0.35126762 -0.07315581]3[0m
        |   |   -- [92m[0.   0.25 0.   0.5  0.25 0.5  0.   1.   0.5  1.   0.   1.  ][ 0.          0.          0.         -0.10624915 -0.17561705  0.
 -0.30258504  0.        ]2[0m
        |   |   -- [92m[0.25 0.5  0.   0.5  0.   0.5  0.   0.5  0.   0.5  0.   1.  ][-0.32051255 -0.11986349 -0.13002339 -0.18022367 -0.36974719 -0.54600068
 -0.21851599 -0.39242031]5[0m
        |   |   -- [92m[0.25 0.5  0.   0.5  0.   0.5  0.   0.5  0.5  1.   0.   1.  ][-0.29988678 -0.29965685 -0.35597517 -0.55262255 -0.0264661   0.
 -0.00219875 -0.72791428]4[0m
        |   |   -- [92m[0.25 0.5  0.   0.5  0.   0.5  0.5  0.75 0.   1.   0.   1.  ][-0.34950535 -0.18928888 -0.02548705 -0.11182377 -0.14567282 -0.45027372
 -0.49672068 -0.31595778]6[0m
            |   -- [92m[0.25 0.5  0.   0.5  0.   0.5  0.75 1.   0.   1.   0.   1.  ][ 0.          0.          0.          0.          0.         -0.28961582
  0.         -0.09436839]7[0m
    |   -- [91m[0.  0.5 0.  0.5 0.  0.5 0.  1.  0.  1.  0.  1. ][-15.39965447 -16.54813495 -23.44683858 -15.54505045 -18.67133346
 -16.16817363 -16.99585616 -15.69246062]5[0m
    |   -- [91m[0.5 1.  0.  0.5 0.  0.5 0.  1.  0.  1.  0.  1. ][0. 0. 0. 0. 0. 0. 0. 0.]6[0m
    |   -- [91m[0.   1.   0.   0.5  0.5  0.75 0.   1.   0.   1.   0.   1.  ][0. 0. 0. 0. 0. 0. 0. 0.]0[0m
    |   -- [91m[0.   1.   0.   0.5  0.75 1.   0.   1.   0.   1.   0.   1.  ][0. 0. 0. 0. 0. 0. 0. 0.]7[0m
    |   -- [91m[0.   0.5  0.5  0.75 0.   1.   0.   1.   0.   1.   0.   1.  ][0. 0. 0. 0. 0. 0. 0. 0.]1[0m
    |   -- [91m[0.5  1.   0.5  0.75 0.   1.   0.   1.   0.   1.   0.   1.  ][0. 0. 0. 0. 0. 0. 0. 0.]4[0m
    |   -- [91m[0.    1.    0.75  0.875 0.    1.    0.    1.    0.    1.    0.    1.   ][ 0.          0.          0.          0.         -0.04326704  0.
  0.          0.        ]3[0m
        -- [91m[0.    1.    0.875 1.    0.    1.    0.    1.    0.    1.    0.    1.   ][0. 0. 0. 0. 0. 0. 0. 0.]2[0m
-- [92m[0. 1. 0. 1. 0. 1. 0. 1. 0. 1. 0. 1.][[0. 0. 0. 0. 0. 0. 0. 0.]]-1[0m
$$$$$$$$$$$$$$$$$$$$$$$$$$$$$$$$$$$$$$$$$$$$$$$$$$$$$$$$$$$$$$$$$$$$$$$$$$$$$$$$$$$$$$$$$$$$$$$$$$$$
$$$$$$$$$$$$$$$$$$$$$$$$$$$$$$$$$$$$$$$$$$$$$$$$$$$$$$$$$$$$$$$$$$$$$$$$$$$$$$$$$$$$$$$$$$$$$$$$$$$$
        |   |   -- [92m[0.    0.25  0.    0.5   0.    0.125 0.    1.    0.    1.    0.    1.   ][ 0.          0.          0.         -0.20611987  0.         -0.15057999
  0.          0.        ]1[0m
        |   |   -- [92m[0.    0.25  0.    0.5   0.125 0.25  0.    1.    0.    1.    0.    1.   ][ 0.          0.          0.         -0.51739141 -0.35703136  0.
  0.         -0.2449756 ]0[0m
        |   |   -- [92m[0.    0.25  0.    0.5   0.25  0.375 0.    1.    0.    1.    0.    1.   ][0. 0. 0. 0. 0. 0. 0. 0.]3[0m
        |   |   -- [92m[0.    0.25  0.    0.5   0.375 0.5   0.    1.    0.    1.    0.    1.   ][ 0.         -0.00371031  0.         -0.24063268  0.         -0.33266451
 -0.1097741  -0.18768831]2[0m
        |   |   -- [92m[0.25 0.5  0.   0.5  0.   0.5  0.   1.   0.   0.5  0.   0.5 ][ 0.          0.         -0.5775261   0.          0.         -0.13295613
  0.         -0.12668017]5[0m
        |   |   -- [92m[0.25 0.5  0.   0.5  0.   0.5  0.   1.   0.5  1.   0.   0.5 ][ 0.         -0.27516353  0.         -0.40518242  0.          0.
 -0.28108002 -0.36489372]4[0m
        |   |   -- [92m[0.25 0.5  0.   0.25 0.   0.5  0.   1.   0.   1.   0.5  1.  ][0. 0. 0. 0. 0. 0. 0. 0.]6[0m
            |   -- [92m[0.25 0.5  0.25 0.5  0.   0.5  0.   1.   0.   1.   0.5  1.  ][ 0.         -1.01847423 -0.11328103  0.         -0.33353692 -0.29017445
 -0.16053697 -0.93970034]7[0m
    |   -- [91m[0.  0.5 0.  0.5 0.  0.5 0.  1.  0.  1.  0.  1. ][-15.39965447 -16.54813495 -23.44683858 -15.54505045 -18.67133346
 -16.16817363 -16.99585616 -15.69246062]0[0m
    |   -- [91m[0.5 1.  0.  0.5 0.  0.5 0.  1.  0.  1.  0.  1. ][0. 0. 0. 0. 0. 0. 0. 0.]2[0m
    |   -- [91m[0.   1.   0.   0.5  0.5  0.75 0.   1.   0.   1.   0.   1.  ][0. 0. 0. 0. 0. 0. 0. 0.]7[0m
    |   -- [91m[0.   1.   0.   0.5  0.75 1.   0.   1.   0.   1.   0.   1.  ][0. 0. 0. 0. 0. 0. 0. 0.]5[0m
    |   -- [91m[0.   0.5  0.5  0.75 0.   1.   0.   1.   0.   1.   0.   1.  ][0. 0. 0. 0. 0. 0. 0. 0.]6[0m
    |   -- [91m[0.5  1.   0.5  0.75 0.   1.   0.   1.   0.   1.   0.   1.  ][0. 0. 0. 0. 0. 0. 0. 0.]3[0m
    |   -- [91m[0.    1.    0.75  0.875 0.    1.    0.    1.    0.    1.    0.    1.   ][-0.6470885   0.          0.         -0.17852992 -0.02461155 -0.06024165
  0.          0.        ]0[0m
        -- [91m[0.    1.    0.875 1.    0.    1.    0.    1.    0.    1.    0.    1.   ][0. 0. 0. 0. 0. 0. 0. 0.]4[0m
-- [92m[0. 1. 0. 1. 0. 1. 0. 1. 0. 1. 0. 1.][[0. 0. 0. 0. 0. 0. 0. 0.]]-1[0m
$$$$$$$$$$$$$$$$$$$$$$$$$$$$$$$$$$$$$$$$$$$$$$$$$$$$$$$$$$$$$$$$$$$$$$$$$$$$$$$$$$$$$$$$$$$$$$$$$$$$
$$$$$$$$$$$$$$$$$$$$$$$$$$$$$$$$$$$$$$$$$$$$$$$$$$$$$$$$$$$$$$$$$$$$$$$$$$$$$$$$$$$$$$$$$$$$$$$$$$$$
        |   |   -- [92m[0.   0.25 0.   0.5  0.   0.25 0.   0.5  0.   1.   0.   1.  ][ 0.          0.          0.          0.         -0.11351583 -0.10005728
  0.         -0.23517318]1[0m
        |   |   -- [92m[0.   0.25 0.   0.5  0.   0.25 0.5  1.   0.   1.   0.   1.  ][ 0.          0.         -0.22552287 -0.17011614  0.          0.
  0.         -0.00562901]0[0m
        |   |   -- [92m[0.    0.125 0.    0.5   0.25  0.5   0.    1.    0.    1.    0.    1.   ][ 0.          0.         -0.37835309  0.         -0.16244382  0.
 -0.19822242 -0.2270155 ]3[0m
        |   |   -- [92m[0.125 0.25  0.    0.5   0.25  0.5   0.    1.    0.    1.    0.    1.   ][-0.17067847  0.         -0.15412155 -0.48530343  0.         -0.58463678
  0.          0.        ]2[0m
        |   |   -- [92m[0.25 0.5  0.   0.25 0.   0.25 0.   1.   0.   1.   0.   1.  ][ 0.         -0.56676182 -0.00974384 -0.29749016  0.          0.
 -0.01947564 -0.19186623]5[0m
        |   |   -- [92m[0.25 0.5  0.25 0.5  0.   0.25 0.   1.   0.   1.   0.   1.  ][ 0.          0.         -0.02146087  0.         -0.18896539  0.
  0.          0.        ]4[0m
        |   |   -- [92m[0.25  0.5   0.    0.5   0.25  0.375 0.    1.    0.    1.    0.    1.   ][ 0.         -0.40291316 -0.41146351 -0.15069577  0.         -0.60309788
 -0.0577912   0.        ]6[0m
            |   -- [92m[0.25  0.5   0.    0.5   0.375 0.5   0.    1.    0.    1.    0.    1.   ][-0.54872573 -0.34737953  0.          0.          0.          0.
  0.         -2.03504004]7[0m
    |   -- [91m[0.  0.5 0.  0.5 0.  0.5 0.  1.  0.  1.  0.  1. ][-15.39965447 -16.54813495 -23.44683858 -15.54505045 -18.67133346
 -16.16817363 -16.99585616 -15.69246062]3[0m
    |   -- [91m[0.5 1.  0.  0.5 0.  0.5 0.  1.  0.  1.  0.  1. ][0. 0. 0. 0. 0. 0. 0. 0.]7[0m
    |   -- [91m[0.   1.   0.   0.5  0.5  0.75 0.   1.   0.   1.   0.   1.  ][0. 0. 0. 0. 0. 0. 0. 0.]0[0m
    |   -- [91m[0.   1.   0.   0.5  0.75 1.   0.   1.   0.   1.   0.   1.  ][0. 0. 0. 0. 0. 0. 0. 0.]1[0m
    |   -- [91m[0.   0.5  0.5  0.75 0.   1.   0.   1.   0.   1.   0.   1.  ][0. 0. 0. 0. 0. 0. 0. 0.]5[0m
    |   -- [91m[0.5  1.   0.5  0.75 0.   1.   0.   1.   0.   1.   0.   1.  ][0. 0. 0. 0. 0. 0. 0. 0.]2[0m
    |   -- [91m[0.    1.    0.75  0.875 0.    1.    0.    1.    0.    1.    0.    1.   ][ 0.          0.          0.         -0.11128626 -0.12953392  0.
  0.          0.        ]6[0m
        -- [91m[0.    1.    0.875 1.    0.    1.    0.    1.    0.    1.    0.    1.   ][0. 0. 0. 0. 0. 0. 0. 0.]4[0m
-- [92m[0. 1. 0. 1. 0. 1. 0. 1. 0. 1. 0. 1.][[0. 0. 0. 0. 0. 0. 0. 0.]]-1[0m
$$$$$$$$$$$$$$$$$$$$$$$$$$$$$$$$$$$$$$$$$$$$$$$$$$$$$$$$$$$$$$$$$$$$$$$$$$$$$$$$$$$$$$$$$$$$$$$$$$$$
mincumRewardIdx:  2
yofEI, miny from minK:  [0.25068137 0.4331231  0.48346249 0.74308739 0.48961969 0.14248112] [-0.30178065] [[0.49661185 0.41300964 0.46316212 0.91806291 0.0307051  0.49244752]
 [0.30953278 0.08344003 0.4562384  0.46107863 0.31312536 0.21627276]
 [0.33103109 0.2250897  0.42948623 0.02874203 0.46673163 0.11049109]
 [0.43302224 0.18685599 0.44267425 0.69111205 0.36481293 0.17459863]
 [0.42481921 0.1565932  0.43731001 0.77717805 0.4865388  0.27453601]
 [0.45292426 0.34962442 0.47292136 0.81553706 0.18809172 0.36749077]
 [0.3243188  0.39120922 0.47815698 0.65688724 0.274568   0.28446169]
 [0.48807476 0.01339592 0.2553493  0.58577326 0.0706003  0.16625263]
 [0.29233029 0.17109892 0.01634392 0.27836048 0.04760322 0.11899774]
 [0.30154114 0.04790352 0.13308918 0.4295069  0.39421351 0.03292313]] [-0.02223842] [[0.49661185 0.41300964 0.46316212 0.91806291 0.0307051  0.49244752]]
yofEI, miny from minK:  [2.50000000e-01 0.00000000e+00 1.53975591e-18 1.00000000e+00
 0.00000000e+00 5.00000000e-01] [-0.00243523] [[0.09726891 0.14872895 0.13794833 0.33093872 0.20909936 0.48744505]
 [0.20604417 0.02026998 0.34068011 0.00640389 0.09746317 0.27169955]
 [0.01754767 0.39201051 0.36205876 0.1000244  0.05396657 0.15358045]
 [0.10096274 0.12814176 0.03921497 0.89363903 0.45870046 0.09332306]
 [0.07916143 0.03339309 0.1429509  0.7243716  0.36250944 0.17716366]
 [0.03472234 0.03175208 0.16076658 0.77522129 0.14073168 0.11858726]
 [0.19526906 0.06938933 0.31083841 0.7010792  0.31295319 0.21639056]
 [0.22845397 0.26611425 0.48576286 0.97000025 0.18539239 0.24062382]
 [0.03991184 0.36409666 0.07295307 0.35301737 0.37707454 0.02142154]
 [0.24883629 0.2516549  0.22744834 0.18896299 0.08452065 0.3986906 ]] [-1.72971902] [[0.09726891 0.14872895 0.13794833 0.33093872 0.20909936 0.48744505]]
yofEI, miny from minK:  [0.26086625 0.49576166 0.44671979 0.75045257 0.15640829 0.73847574] [-0.21258052] [[0.3306832  0.35865594 0.03138934 0.06659277 0.38225962 0.93155432]
 [0.29050133 0.1656464  0.32256936 0.97921692 0.47809981 0.52309773]
 [0.35370381 0.05422854 0.12630931 0.47401443 0.08796807 0.68823339]
 [0.39254199 0.43462467 0.36939803 0.13930731 0.03136365 0.51461255]
 [0.43070046 0.25328447 0.24814124 0.09847208 0.10526705 0.81908718]
 [0.26988061 0.00296923 0.34607198 0.76563112 0.4548524  0.88291571]
 [0.45429239 0.03090959 0.03907919 0.40358597 0.17776892 0.57754162]
 [0.2748373  0.31510228 0.4836809  0.37170383 0.2583578  0.6098228 ]
 [0.25450059 0.27740565 0.26718767 0.16513326 0.44695885 0.8904256 ]
 [0.39616398 0.40385724 0.40102376 0.81092098 0.1447639  0.58936761]] [-0.65479936] [[0.3306832  0.35865594 0.03138934 0.06659277 0.38225962 0.93155432]]
yofEI, miny from minK:  [0.22361907 0.12473467 0.04317847 0.22760075 0.25120036 0.72502403] [-2.27505961] [[0.18773221 0.13039235 0.27507406 0.45242892 0.20771279 0.91553448]
 [0.21414033 0.48359854 0.38302977 0.47089426 0.09989589 0.91876798]
 [0.22841877 0.1974895  0.06544427 0.71473518 0.15155396 0.94945019]
 [0.19478864 0.43208042 0.33290519 0.64033645 0.26970014 0.7278816 ]
 [0.04377366 0.09300956 0.25395263 0.09467309 0.19461539 0.83189609]
 [0.08567231 0.01736249 0.17580982 0.83204517 0.00147242 0.64423862]
 [0.15227877 0.35806592 0.3051177  0.79084662 0.24136005 0.88737884]
 [0.00186262 0.31909172 0.0922064  0.40383578 0.38911624 0.5480951 ]
 [0.22154014 0.44608486 0.47683745 0.75649632 0.34118372 0.99530588]
 [0.24586205 0.26848485 0.20307012 0.94842214 0.34245114 0.9876491 ]] [-1.19181654] [[0.18773221 0.13039235 0.27507406 0.45242892 0.20771279 0.91553448]]
yofEI, miny from minK:  [0.5  0.25 0.5  0.   0.5  0.  ] [-0.03126042] [[0.26463711 0.36086249 0.12299508 0.46548404 0.68182536 0.45733589]
 [0.25635523 0.45183717 0.05437393 0.00696063 0.73257916 0.21173554]
 [0.10084847 0.31028023 0.03232871 0.30333061 0.71502577 0.04823487]
 [0.32126566 0.49545967 0.29238628 0.02078236 0.53570268 0.6361344 ]
 [0.30886306 0.48710698 0.49259291 0.43595743 0.56391627 0.33247101]
 [0.18764356 0.45432929 0.16970464 0.13878477 0.51167029 0.55105276]
 [0.14369323 0.40026549 0.25828806 0.073339   0.62335054 0.33538615]
 [0.45267509 0.26066743 0.21428305 0.61557629 0.63754066 0.85994383]
 [0.04293169 0.34183683 0.33956331 0.71389774 0.69623809 0.19020576]
 [0.46847001 0.48041723 0.15920268 0.29423472 0.66561253 0.29240195]] [-0.13821745] [[0.26463711 0.36086249 0.12299508 0.46548404 0.68182536 0.45733589]]
yofEI, miny from minK:  [0.31674473 0.10567697 0.48782027 0.         0.51276385 0.77460697] [-0.95806589] [[0.3072217  0.19503081 0.19415479 0.39859836 0.55146086 0.40646348]
 [0.3511226  0.12867424 0.49957002 0.09685532 0.59426736 0.58040192]
 [0.46916485 0.223581   0.17903606 0.8501412  0.62790228 0.37094099]
 [0.37260157 0.16130842 0.305792   0.87121299 0.68755957 0.86354197]
 [0.41052884 0.1813972  0.09578291 0.88890757 0.59904891 0.04341859]
 [0.03331104 0.14313897 0.36019331 0.3061323  0.63682339 0.19832327]
 [0.1921897  0.05346861 0.25871322 0.58919252 0.68300194 0.1272897 ]
 [0.15961144 0.21902574 0.0864587  0.68679033 0.60042165 0.25188429]
 [0.27372849 0.20492096 0.48916607 0.90843165 0.53189669 0.30547904]
 [0.43488386 0.02974867 0.07908569 0.78683682 0.73797351 0.42990503]] [-0.5546777] [[0.3072217  0.19503081 0.19415479 0.39859836 0.55146086 0.40646348]]
yofEI, miny from minK:  [0.03575037 0.04938905 0.20946966 0.91872087 0.95358587 0.33912649] [-0.00386103] [[0.04742007 0.33401941 0.23659591 0.33254273 0.7923218  0.94677127]
 [0.21026948 0.07584959 0.20198698 0.12142106 0.80031604 0.54810964]
 [0.11150582 0.38226618 0.09140365 0.45195925 0.90150524 0.40632703]
 [0.43377003 0.04502454 0.03906436 0.99421042 0.85967234 0.01364291]
 [0.41443753 0.03280844 0.02387765 0.53227377 0.87682348 0.50571372]
 [0.3938604  0.18439828 0.05438374 0.85602278 0.91834758 0.06374136]
 [0.3492289  0.07433583 0.11400424 0.73857686 0.75704867 0.7038614 ]
 [0.01217731 0.21374033 0.10258393 0.06585417 0.78718586 0.88393533]
 [0.28916909 0.2815259  0.13724828 0.31256161 0.94953976 0.63756138]
 [0.09230839 0.12508436 0.21105836 0.02006722 0.98006914 0.3192926 ]] [-0.05884112] [[0.04742007 0.33401941 0.23659591 0.33254273 0.7923218  0.94677127]]
yofEI, miny from minK:  [0.38705099 0.17674971 0.44156321 0.70941768 0.99898874 0.01403935] [-0.04976737] [[0.06170702 0.28172852 0.42961244 0.80947336 0.87515891 0.73014341]
 [0.40478314 0.0424691  0.28171368 0.38694603 0.79392246 0.33848548]
 [0.4212535  0.21997321 0.48202425 0.88832837 0.95616071 0.44840023]
 [0.12939915 0.18095901 0.26575075 0.98115265 0.92817118 0.48690945]
 [0.42541624 0.35783249 0.42895526 0.5573086  0.98404299 0.89485874]
 [0.39539218 0.23301589 0.25217152 0.52799666 0.93124509 0.3750748 ]
 [0.32465903 0.13223087 0.49029304 0.94641898 0.79149956 0.85737803]
 [0.36950335 0.10021935 0.48683738 0.69645712 0.98791179 0.55771135]
 [0.27741492 0.06166433 0.29851588 0.62111022 0.95936229 0.54219628]
 [0.30345967 0.16581752 0.46353173 0.06466497 0.86657609 0.67097177]] [-0.06483594] [[0.06170702 0.28172852 0.42961244 0.80947336 0.87515891 0.73014341]]
pred_sample_x, pred_sample_y:  [[2.50681369e-01 4.33123097e-01 4.83462491e-01 7.43087394e-01
  4.89619692e-01 1.42481124e-01]
 [2.50000000e-01 0.00000000e+00 1.53975591e-18 1.00000000e+00
  0.00000000e+00 5.00000000e-01]
 [2.60866249e-01 4.95761657e-01 4.46719792e-01 7.50452572e-01
  1.56408294e-01 7.38475742e-01]
 [2.23619067e-01 1.24734674e-01 4.31784740e-02 2.27600750e-01
  2.51200360e-01 7.25024028e-01]
 [5.00000000e-01 2.50000000e-01 5.00000000e-01 0.00000000e+00
  5.00000000e-01 0.00000000e+00]
 [3.16744731e-01 1.05676970e-01 4.87820270e-01 0.00000000e+00
  5.12763849e-01 7.74606967e-01]
 [3.57503660e-02 4.93890484e-02 2.09469664e-01 9.18720868e-01
  9.53585869e-01 3.39126493e-01]
 [3.87050990e-01 1.76749714e-01 4.41563214e-01 7.09417682e-01
  9.98988740e-01 1.40393471e-02]] [-0.30178065 -0.00243523 -0.21258052 -2.27505961 -0.03126042 -0.95806589
 -0.00386103 -0.04976737]
min obs so far :  [0.22361907 0.12473467 0.04317847 0.22760075 0.25120036 0.72502403] -2.2750596117133153
        |   |   -- [92m[0.   0.25 0.   0.5  0.   0.5  0.   1.   0.   0.5  0.   0.5 ][0. 0. 0. 0. 0. 0. 0. 0.]1[0m
        |   |   -- [92m[0.25 0.5  0.   0.5  0.   0.5  0.   1.   0.   0.5  0.   0.5 ][-7.78043672e+00 -1.20088876e+00  0.00000000e+00  0.00000000e+00
 -4.49189564e-01  0.00000000e+00 -6.43609618e-04  0.00000000e+00]0[0m
        |   |   -- [92m[0.   0.25 0.   0.5  0.   0.5  0.   1.   0.   0.5  0.5  1.  ][-0.40886295 -1.52022349 -0.03684501 -0.8696025  -1.6730305  -0.69311221
 -0.75946714 -0.90821669]3[0m
        |   |   -- [92m[0.25 0.5  0.   0.5  0.   0.5  0.   1.   0.   0.5  0.5  1.  ][-1.08220732 -0.2434861  -1.21831428 -0.95666406 -1.21823782 -1.12838704
 -1.13676554 -0.21005374]2[0m
        |   |   -- [92m[0.   0.5  0.   0.25 0.   0.5  0.   1.   0.5  0.75 0.   1.  ][ 0.         -0.2095805   0.          0.         -0.30307239  0.
  0.          0.        ]5[0m
        |   |   -- [92m[0.   0.5  0.25 0.5  0.   0.5  0.   1.   0.5  0.75 0.   1.  ][-3.39616956 -1.35952666 -1.49465315 -1.33587178 -1.55413277 -1.50915411
 -1.36575428 -1.07141914]4[0m
        |   |   -- [92m[0.   0.5  0.   0.5  0.   0.25 0.   1.   0.75 1.   0.   1.  ][0. 0. 0. 0. 0. 0. 0. 0.]6[0m
            |   -- [92m[0.   0.5  0.   0.5  0.25 0.5  0.   1.   0.75 1.   0.   1.  ][0. 0. 0. 0. 0. 0. 0. 0.]7[0m
    |   -- [91m[0.  0.5 0.  0.5 0.  0.5 0.  1.  0.  1.  0.  1. ][-15.39965447 -16.54813495 -23.44683858 -15.54505045 -18.67133346
 -16.16817363 -16.99585616 -15.69246062]5[0m
    |   -- [91m[0.5 1.  0.  0.5 0.  0.5 0.  1.  0.  1.  0.  1. ][-0.61313912 -0.54645546 -0.53171757 -0.33889684 -0.57281998 -0.182972
 -0.81067688 -0.55201892]6[0m
    |   -- [91m[0.   1.   0.   0.5  0.5  0.75 0.   1.   0.   1.   0.   1.  ][ 0.          0.         -0.03077259 -0.02964595 -0.02781382 -0.08847069
  0.          0.        ]1[0m
    |   -- [91m[0.   1.   0.   0.5  0.75 1.   0.   1.   0.   1.   0.   1.  ][-0.25152059 -0.22747502 -0.2782999  -0.21100679 -0.19161725 -0.25480683
 -0.23670457 -0.39844427]4[0m
    |   -- [91m[0.   0.5  0.5  0.75 0.   1.   0.   1.   0.   1.   0.   1.  ][-0.05173474  0.         -0.03669299 -0.0169463  -0.11107492 -0.10722108
 -0.04447793 -0.04273917]2[0m
    |   -- [91m[0.5  1.   0.5  0.75 0.   1.   0.   1.   0.   1.   0.   1.  ][-0.74176892 -0.25914085 -0.49926417 -0.80703921 -0.73263169 -0.88865984
 -1.07399219 -1.21664535]0[0m
    |   -- [91m[0.    1.    0.75  0.875 0.    1.    0.    1.    0.    1.    0.    1.   ][-1.10223251 -1.1826601  -1.11399023 -1.12332479 -1.53701349 -1.45823133
 -1.04394687 -0.82207663]3[0m
        -- [91m[0.    1.    0.875 1.    0.    1.    0.    1.    0.    1.    0.    1.   ][-0.5275008  -0.32022648 -0.86569359  0.         -0.42611728 -0.54489554
 -0.876321   -0.27596229]7[0m
-- [92m[0. 1. 0. 1. 0. 1. 0. 1. 0. 1. 0. 1.][[0. 0. 0. 0. 0. 0. 0. 0.]]-1[0m


     0                                                  1         2
0    1  [0.42897313109584473, 0.0950251476097646, 0.08... -0.071439
1    2  [0.7802016487772233, 0.5324142228777822, 0.628... -0.077669
2    3  [0.5427894868199202, 0.7055117116904247, 0.042... -1.430352
3    4  [0.8934729194486662, 0.663545790504665, 0.8942... -0.279706
4    5  [0.5113642233230771, 0.3679297183915529, 0.608... -0.031078
..  ..                                                ...       ...
71  72  [0.2236190669414598, 0.12473467369733997, 0.04...  -2.27506
72  73                    [0.5, 0.25, 0.5, 0.0, 0.5, 0.0]  -0.03126
73  74  [0.3167447305684048, 0.10567696992253084, 0.48... -0.958066
74  75  [0.035750366002085365, 0.04938904842294595, 0.... -0.003861
75  76  [0.38705099027831763, 0.1767497142119686, 0.44... -0.049767

[76 rows x 3 columns]
_______________________________
yofmins : []
saving to :  results/hartmann8m4h/1/2024-03-24_15-54/hartmann6d1_1_60_62rollout.csv
[0.8934729194486662 0.663545790504665 0.8942339889071378
 0.6414822337738404 0.16847984317499035 0.7537406009587886
 -0.2797056056775575 -1.4303521584754806]
_______________ Index of Min Observed _8_______________
3
_______________________________
reduced  0.0
_______________________________
Bounds of final partition:  [[0 1]
 [0 1]
 [0 1]
 [0 1]
 [0 1]
 [0 1]]
_______________________________
[0.2236190669414598 0.12473467369733997 0.0431784739683951
 0.2276007495764718 0.25120036030416615 0.7250240276509456
 -2.2750596117133153 -2.2750596117133153]
total comb of roots with assign and dim:  6
below yml read mc_iters 1
below yml read mc_iters 1
below yml read mc_iters 1
below yml read mc_iters 1
below yml read mc_iters 1
below yml read mc_iters 1
below yml read mc_iters 1
below yml read mc_iters 1
below yml read mc_iters 1
below yml read mc_iters 1
below yml read mc_iters 1
below yml read mc_iters 1
total comb of roots with assign and dim:  6
