No falsification in Initial Samples. Performing BO now
globalXtrain, globalYtrain : -0.3881136581711273
_____________________________________ 0
_____________________________________
global dataset :  (60, 6) (60,)
_____________________________________
0
[2, 2]
1
[2, 2]
2
[2, 2]
3
[2, 2]
4
[2, 2]
5
[2, 2]
roots after dim:  [<bo.agent.partition.Node object at 0x1502f2920>, <bo.agent.partition.Node object at 0x1502f3700>, <bo.agent.partition.Node object at 0x1502f0970>, <bo.agent.partition.Node object at 0x15033cb50>, <bo.agent.partition.Node object at 0x15033dba0>, <bo.agent.partition.Node object at 0x15033ebf0>]
    |   -- [92m[ 0. 10.  0. 10.  0. 10.  0.  5.  0. 10.  0.  5.][[0. 0. 0. 0.]]0[0m
    |   -- [92m[ 0. 10.  0. 10.  0. 10.  0.  5.  0. 10.  5. 10.][[0. 0. 0. 0.]]2[0m
    |   -- [92m[ 0. 10.  0.  5.  0. 10.  5. 10.  0. 10.  0. 10.][[0. 0. 0. 0.]]1[0m
        -- [92m[ 0. 10.  5. 10.  0. 10.  5. 10.  0. 10.  0. 10.][[0. 0. 0. 0.]]3[0m
-- [92m[ 0. 10.  0. 10.  0. 10.  0. 10.  0. 10.  0. 10.][[0. 0. 0. 0.]]-1[0m
    |   -- [92m[ 0. 10.  0.  5.  0. 10.  0.  5.  0. 10.  0. 10.][[0. 0. 0. 0.]]0[0m
    |   -- [92m[ 0. 10.  0.  5.  0. 10.  5. 10.  0. 10.  0. 10.][[0. 0. 0. 0.]]2[0m
    |   -- [92m[ 0. 10.  5. 10.  0. 10.  0. 10.  0. 10.  0.  5.][[0. 0. 0. 0.]]1[0m
        -- [92m[ 0. 10.  5. 10.  0. 10.  0. 10.  0. 10.  5. 10.][[0. 0. 0. 0.]]3[0m
-- [92m[ 0. 10.  0. 10.  0. 10.  0. 10.  0. 10.  0. 10.][[0. 0. 0. 0.]]-1[0m
    |   -- [92m[ 0. 10.  0.  5.  0. 10.  0. 10.  0. 10.  0.  5.][[0. 0. 0. 0.]]0[0m
    |   -- [92m[ 0. 10.  0.  5.  0. 10.  0. 10.  0. 10.  5. 10.][[0. 0. 0. 0.]]2[0m
    |   -- [92m[ 0. 10.  5. 10.  0. 10.  0. 10.  0.  5.  0. 10.][[0. 0. 0. 0.]]1[0m
        -- [92m[ 0. 10.  5. 10.  0. 10.  0. 10.  5. 10.  0. 10.][[0. 0. 0. 0.]]3[0m
-- [92m[ 0. 10.  0. 10.  0. 10.  0. 10.  0. 10.  0. 10.][[0. 0. 0. 0.]]-1[0m
    |   -- [92m[ 0. 10.  0.  5.  0. 10.  0.  5.  0. 10.  0. 10.][[0. 0. 0. 0.]]0[0m
    |   -- [92m[ 0. 10.  0.  5.  0. 10.  5. 10.  0. 10.  0. 10.][[0. 0. 0. 0.]]2[0m
    |   -- [92m[ 0. 10.  5. 10.  0. 10.  0. 10.  0. 10.  0.  5.][[0. 0. 0. 0.]]1[0m
        -- [92m[ 0. 10.  5. 10.  0. 10.  0. 10.  0. 10.  5. 10.][[0. 0. 0. 0.]]3[0m
-- [92m[ 0. 10.  0. 10.  0. 10.  0. 10.  0. 10.  0. 10.][[0. 0. 0. 0.]]-1[0m
    |   -- [92m[ 0. 10.  0.  5.  0.  5.  0. 10.  0. 10.  0. 10.][[0. 0. 0. 0.]]0[0m
    |   -- [92m[ 0. 10.  0.  5.  5. 10.  0. 10.  0. 10.  0. 10.][[0. 0. 0. 0.]]2[0m
    |   -- [92m[ 0. 10.  5. 10.  0. 10.  0. 10.  0. 10.  0.  5.][[0. 0. 0. 0.]]1[0m
        -- [92m[ 0. 10.  5. 10.  0. 10.  0. 10.  0. 10.  5. 10.][[0. 0. 0. 0.]]3[0m
-- [92m[ 0. 10.  0. 10.  0. 10.  0. 10.  0. 10.  0. 10.][[0. 0. 0. 0.]]-1[0m
    |   -- [92m[ 0. 10.  0. 10.  0.  5.  0. 10.  0.  5.  0. 10.][[0. 0. 0. 0.]]0[0m
    |   -- [92m[ 0. 10.  0. 10.  0.  5.  0. 10.  5. 10.  0. 10.][[0. 0. 0. 0.]]2[0m
    |   -- [92m[ 0.  10.   0.  10.   5.   7.5  0.  10.   0.  10.   0.  10. ][[0. 0. 0. 0.]]1[0m
        -- [92m[ 0.  10.   0.  10.   7.5 10.   0.  10.   0.  10.   0.  10. ][[0. 0. 0. 0.]]3[0m
-- [92m[ 0. 10.  0. 10.  0. 10.  0. 10.  0. 10.  0. 10.][[0. 0. 0. 0.]]-1[0m
xroots and agents b4 joblib :  6 6
Xs_root from joblib  6
$$$$$$$$$$$$$$$$$$$$$$$$$$$$$$$$$$$$$$$$$$$$$$$$$$$$$$$$$$$$$$$$$$$$$$$$$$$$$$$$$$$$$$$$$$$$$$$$$$$$
    |   -- [92m[ 0. 10.  0. 10.  0. 10.  0.  5.  0. 10.  0.  5.][-0.08049568 -0.07149616 -0.07008119 -0.06798904]0[0m
    |   -- [92m[ 0. 10.  0. 10.  0. 10.  0.  5.  0. 10.  5. 10.][-0.43375028 -0.37595943 -0.82881244 -0.20603677]2[0m
    |   -- [92m[ 0. 10.  0.  5.  0. 10.  5. 10.  0. 10.  0. 10.][-0.06246749 -0.07722019 -0.05466985 -0.06451102]1[0m
        -- [92m[ 0. 10.  5. 10.  0. 10.  5. 10.  0. 10.  0. 10.][-0.04725722 -0.04310824 -0.05614114 -0.06786832]3[0m
-- [92m[ 0. 10.  0. 10.  0. 10.  0. 10.  0. 10.  0. 10.][[0. 0. 0. 0.]]-1[0m
$$$$$$$$$$$$$$$$$$$$$$$$$$$$$$$$$$$$$$$$$$$$$$$$$$$$$$$$$$$$$$$$$$$$$$$$$$$$$$$$$$$$$$$$$$$$$$$$$$$$
$$$$$$$$$$$$$$$$$$$$$$$$$$$$$$$$$$$$$$$$$$$$$$$$$$$$$$$$$$$$$$$$$$$$$$$$$$$$$$$$$$$$$$$$$$$$$$$$$$$$
    |   -- [92m[ 0. 10.  0.  5.  0. 10.  0.  5.  0. 10.  0. 10.][-0.34524986 -0.20003841 -0.0925412  -0.62649842]0[0m
    |   -- [92m[ 0. 10.  0.  5.  0. 10.  5. 10.  0. 10.  0. 10.][ 0.          0.          0.         -0.00960854]2[0m
    |   -- [92m[ 0. 10.  5. 10.  0. 10.  0. 10.  0. 10.  0.  5.][0. 0. 0. 0.]1[0m
        -- [92m[ 0. 10.  5. 10.  0. 10.  0. 10.  0. 10.  5. 10.][0. 0. 0. 0.]3[0m
-- [92m[ 0. 10.  0. 10.  0. 10.  0. 10.  0. 10.  0. 10.][[0. 0. 0. 0.]]-1[0m
$$$$$$$$$$$$$$$$$$$$$$$$$$$$$$$$$$$$$$$$$$$$$$$$$$$$$$$$$$$$$$$$$$$$$$$$$$$$$$$$$$$$$$$$$$$$$$$$$$$$
$$$$$$$$$$$$$$$$$$$$$$$$$$$$$$$$$$$$$$$$$$$$$$$$$$$$$$$$$$$$$$$$$$$$$$$$$$$$$$$$$$$$$$$$$$$$$$$$$$$$
    |   -- [92m[ 0. 10.  0.  5.  0. 10.  0. 10.  0. 10.  0.  5.][0. 0. 0. 0.]0[0m
    |   -- [92m[ 0. 10.  0.  5.  0. 10.  0. 10.  0. 10.  5. 10.][-0.2669982  -1.63803937 -0.48363456 -0.24890912]2[0m
    |   -- [92m[ 0. 10.  5. 10.  0. 10.  0. 10.  0.  5.  0. 10.][0. 0. 0. 0.]1[0m
        -- [92m[ 0. 10.  5. 10.  0. 10.  0. 10.  5. 10.  0. 10.][0. 0. 0. 0.]3[0m
-- [92m[ 0. 10.  0. 10.  0. 10.  0. 10.  0. 10.  0. 10.][[0. 0. 0. 0.]]-1[0m
$$$$$$$$$$$$$$$$$$$$$$$$$$$$$$$$$$$$$$$$$$$$$$$$$$$$$$$$$$$$$$$$$$$$$$$$$$$$$$$$$$$$$$$$$$$$$$$$$$$$
$$$$$$$$$$$$$$$$$$$$$$$$$$$$$$$$$$$$$$$$$$$$$$$$$$$$$$$$$$$$$$$$$$$$$$$$$$$$$$$$$$$$$$$$$$$$$$$$$$$$
    |   -- [92m[ 0. 10.  0.  5.  0. 10.  0.  5.  0. 10.  0. 10.][-0.39683729 -0.4964537  -0.78642491 -0.27516885]0[0m
    |   -- [92m[ 0. 10.  0.  5.  0. 10.  5. 10.  0. 10.  0. 10.][-1.80103103e-01 -1.74501822e-01 -4.44892563e-04 -1.60168657e-04]2[0m
    |   -- [92m[ 0. 10.  5. 10.  0. 10.  0. 10.  0. 10.  0.  5.][-0.04414325 -0.10009031 -0.0551041  -0.0664378 ]1[0m
        -- [92m[ 0. 10.  5. 10.  0. 10.  0. 10.  0. 10.  5. 10.][-0.05759388 -0.05500767 -0.0595312  -0.05154066]3[0m
-- [92m[ 0. 10.  0. 10.  0. 10.  0. 10.  0. 10.  0. 10.][[0. 0. 0. 0.]]-1[0m
$$$$$$$$$$$$$$$$$$$$$$$$$$$$$$$$$$$$$$$$$$$$$$$$$$$$$$$$$$$$$$$$$$$$$$$$$$$$$$$$$$$$$$$$$$$$$$$$$$$$
$$$$$$$$$$$$$$$$$$$$$$$$$$$$$$$$$$$$$$$$$$$$$$$$$$$$$$$$$$$$$$$$$$$$$$$$$$$$$$$$$$$$$$$$$$$$$$$$$$$$
    |   -- [92m[ 0. 10.  0.  5.  0.  5.  0. 10.  0. 10.  0. 10.][-0.92265982 -0.93760183 -0.89361339 -0.80287382]0[0m
    |   -- [92m[ 0. 10.  0.  5.  5. 10.  0. 10.  0. 10.  0. 10.][-0.09331358 -0.09958563 -0.10121313 -0.10822388]2[0m
    |   -- [92m[ 0. 10.  5. 10.  0. 10.  0. 10.  0. 10.  0.  5.][-0.11008127 -0.1144714  -0.09233226 -0.09165214]1[0m
        -- [92m[ 0. 10.  5. 10.  0. 10.  0. 10.  0. 10.  5. 10.][-0.09246302 -0.09882982 -0.06569294 -0.09808795]3[0m
-- [92m[ 0. 10.  0. 10.  0. 10.  0. 10.  0. 10.  0. 10.][[0. 0. 0. 0.]]-1[0m
$$$$$$$$$$$$$$$$$$$$$$$$$$$$$$$$$$$$$$$$$$$$$$$$$$$$$$$$$$$$$$$$$$$$$$$$$$$$$$$$$$$$$$$$$$$$$$$$$$$$
$$$$$$$$$$$$$$$$$$$$$$$$$$$$$$$$$$$$$$$$$$$$$$$$$$$$$$$$$$$$$$$$$$$$$$$$$$$$$$$$$$$$$$$$$$$$$$$$$$$$
    |   -- [92m[ 0. 10.  0. 10.  0.  5.  0. 10.  0.  5.  0. 10.][-0.6521678  -0.6913531  -0.54892136 -0.51259394]0[0m
    |   -- [92m[ 0. 10.  0. 10.  0.  5.  0. 10.  5. 10.  0. 10.][-0.0004464  -0.00098622 -0.00672869 -0.00233649]2[0m
    |   -- [92m[ 0.  10.   0.  10.   5.   7.5  0.  10.   0.  10.   0.  10. ][-0.08278609 -0.04984705 -0.06307157 -0.05534618]1[0m
        -- [92m[ 0.  10.   0.  10.   7.5 10.   0.  10.   0.  10.   0.  10. ][-0.05363541 -0.05355974 -0.06114482 -0.06651799]3[0m
-- [92m[ 0. 10.  0. 10.  0. 10.  0. 10.  0. 10.  0. 10.][[0. 0. 0. 0.]]-1[0m
$$$$$$$$$$$$$$$$$$$$$$$$$$$$$$$$$$$$$$$$$$$$$$$$$$$$$$$$$$$$$$$$$$$$$$$$$$$$$$$$$$$$$$$$$$$$$$$$$$$$
mincumRewardIdx:  4
yofEI, miny from minK:  [2.37896231 0.06711271 2.18327834 3.86656207 4.44810894 9.72931019] [-0.21398653] [[4.14958969 3.74307359 3.2748022  1.90236321 8.16861893 3.2365888 ]
 [4.88399136 2.34448508 4.65746391 4.38887999 5.0133788  0.13323747]
 [3.0051637  3.4679979  4.17965893 0.61052359 6.44715714 5.63963664]
 [1.22929428 3.32977798 3.93073053 0.8342927  1.33162075 1.42774061]
 [2.38266466 0.32410453 2.11227957 0.79429035 8.93368012 2.21278216]
 [4.28137912 4.85418329 2.75898191 4.26373945 5.97994964 8.68938245]
 [4.53762632 3.96645728 2.41466173 2.91842489 2.32362567 1.64027926]
 [3.49994925 1.73960457 3.85968495 1.6722205  1.92499205 1.32475196]
 [5.28926581 0.82037482 3.59378733 7.0238351  2.72235138 0.31548399]
 [3.57296864 4.34318488 3.01954905 9.09561323 0.76708563 9.27495586]] [0.06375451] [[4.14958969 3.74307359 3.2748022  1.90236321 8.16861893 3.2365888 ]]
yofEI, miny from minK:  [0.17454476 6.42169141 1.0260972  2.47131528 3.76318196 1.96493403] [-0.13494516] [[4.83360946 7.46151715 6.44746252 6.48899376 4.87534707 2.97505837]
 [3.69134027 7.55040398 9.6235077  9.67923078 0.35360456 2.09693292]
 [7.23651584 5.42579455 3.66630673 1.0800255  9.28510377 0.71090737]
 [7.59698259 5.98994278 8.95616004 5.89567825 3.23089538 1.26081023]
 [0.60982805 8.08150876 4.9575291  8.23509477 9.60878362 1.2135988 ]
 [6.57250984 7.90975793 3.92258881 9.91540695 8.83101995 0.89598787]
 [8.48938671 8.78279305 1.58795504 5.14510097 1.65500071 3.64533256]
 [7.46404753 7.29023764 6.18027669 8.45083112 2.7106975  1.86909853]
 [1.86717973 8.34418233 7.45777971 2.8722681  4.14848448 2.47376089]
 [5.3944492  8.14975242 1.29214724 9.42671734 1.0487035  1.07113357]] [3.09904464e-05] [[4.83360946 7.46151715 6.44746252 6.48899376 4.87534707 2.97505837]]
yofEI, miny from minK:  [1.75736004 0.08990134 5.92890164 3.98258421 3.31388865 8.98501269] [0.00479011] [[2.17403031 4.9880835  6.41127378 6.36096721 1.39760971 3.37833845]
 [0.64877564 0.55650176 9.26603022 5.34486504 4.34159079 9.0563459 ]
 [0.33938961 4.32486434 8.47645998 4.41704301 2.33434916 8.5403459 ]
 [0.26070346 0.49755981 7.92656639 2.55036236 3.64365118 8.83634552]
 [1.96305531 2.14390193 9.91508117 8.7999823  5.19696323 5.54524365]
 [4.24348695 0.29961425 8.24372691 5.11945265 5.96662361 1.67579879]
 [2.08283575 1.80210508 5.79308573 0.9667369  5.0077769  2.32963378]
 [4.16532957 2.1961395  8.74030938 9.96741245 6.65026464 6.20780294]
 [8.25777925 3.36200548 6.09530646 6.64150811 1.80550734 6.48834441]
 [0.81694733 2.83866847 8.07755979 4.01087781 6.84597461 9.49881503]] [3.37222368e-06] [[2.17403031 4.9880835  6.41127378 6.36096721 1.39760971 3.37833845]]
yofEI, miny from minK:  [1.36997669 5.25012526 0.28683261 0.30990631 4.03653809 5.28603919] [-0.00209484] [[4.46457514 7.50048795 3.8991408  2.36468247 1.33059423 5.41147169]
 [4.58646206 9.36164822 5.30172438 5.54062945 3.35310036 9.3659961 ]
 [8.25202553 7.77202467 3.09310178 8.45787298 4.7798567  6.54999473]
 [5.12883848 6.73801099 2.09277197 0.18319742 6.430656   9.06751542]
 [0.72257139 7.96063587 9.20953989 9.55933288 5.3406777  5.1091247 ]
 [1.74384048 6.32067904 1.05627389 7.68012898 8.92390258 6.71350653]
 [5.65881199 9.92021919 3.45546763 2.12347486 2.45885168 9.4356186 ]
 [8.00985674 6.15257273 5.62960569 3.69367773 7.45311566 7.25997841]
 [8.99899863 5.83477947 6.26927837 6.88256287 9.96440194 7.0003128 ]
 [3.97502461 5.37683619 7.55061421 6.37775502 1.72821031 7.76966672]] [-2.07750535e-07] [[4.46457514 7.50048795 3.8991408  2.36468247 1.33059423 5.41147169]]
pred_sample_x, pred_sample_y:  [[2.37896231 0.06711271 2.18327834 3.86656207 4.44810894 9.72931019]
 [0.17454476 6.42169141 1.0260972  2.47131528 3.76318196 1.96493403]
 [1.75736004 0.08990134 5.92890164 3.98258421 3.31388865 8.98501269]
 [1.36997669 5.25012526 0.28683261 0.30990631 4.03653809 5.28603919]] [-0.21398653 -0.13494516  0.00479011 -0.00209484]
min obs so far :  [2.37896231 0.06711271 2.18327834 3.86656207 4.44810894 9.72931019] -0.2139865329084953
    |   -- [92m[ 0. 10.  0.  5.  0.  5.  0. 10.  0. 10.  0. 10.][-0.92265982 -0.93760183 -0.89361339 -0.80287382]0[0m
    |   -- [92m[ 0. 10.  0.  5.  5. 10.  0. 10.  0. 10.  0. 10.][-0.09331358 -0.09958563 -0.10121313 -0.10822388]2[0m
    |   -- [92m[ 0. 10.  5. 10.  0. 10.  0. 10.  0. 10.  0.  5.][-0.11008127 -0.1144714  -0.09233226 -0.09165214]1[0m
        -- [92m[ 0. 10.  5. 10.  0. 10.  0. 10.  0. 10.  5. 10.][-0.09246302 -0.09882982 -0.06569294 -0.09808795]3[0m
-- [92m[ 0. 10.  0. 10.  0. 10.  0. 10.  0. 10.  0. 10.][[0. 0. 0. 0.]]-1[0m
globalXtrain, globalYtrain : -0.3881136581711273
_____________________________________ 1
_____________________________________
global dataset :  (64, 6) (64,)
_____________________________________
after moving and partitioning 
        |   |   -- [92m[ 0.  10.   0.   2.5  0.   2.5  0.  10.   0.  10.   0.  10. ][[0. 0. 0. 0.]]0[0m
        |   |   -- [92m[ 0.  10.   0.   2.5  2.5  5.   0.  10.   0.  10.   0.  10. ][[0. 0. 0. 0.]]2[0m
        |   |   -- [92m[ 0.  10.   2.5  5.   0.   5.   0.   5.   0.  10.   0.  10. ][[0. 0. 0. 0.]]1[0m
            |   -- [92m[ 0.  10.   2.5  5.   0.   5.   5.  10.   0.  10.   0.  10. ][[0. 0. 0. 0.]]3[0m
    |   -- [91m[ 0. 10.  0.  5.  0.  5.  0. 10.  0. 10.  0. 10.][-0.92265982 -0.93760183 -0.89361339 -0.80287382]0[0m
    |   -- [91m[ 0. 10.  0.  5.  5. 10.  0. 10.  0. 10.  0. 10.][-0.09331358 -0.09958563 -0.10121313 -0.10822388]2[0m
    |   -- [91m[ 0. 10.  5. 10.  0. 10.  0. 10.  0. 10.  0.  5.][-0.11008127 -0.1144714  -0.09233226 -0.09165214]1[0m
        -- [91m[ 0. 10.  5. 10.  0. 10.  0. 10.  0. 10.  5. 10.][-0.09246302 -0.09882982 -0.06569294 -0.09808795]3[0m
-- [92m[ 0. 10.  0. 10.  0. 10.  0. 10.  0. 10.  0. 10.][[0. 0. 0. 0.]]-1[0m
after moving and partitioning 
        |   |   -- [92m[ 0.  5.  0.  5.  0.  5.  0. 10.  0. 10.  0.  5.][[0. 0. 0. 0.]]3[0m
        |   |   -- [92m[ 5. 10.  0.  5.  0.  5.  0. 10.  0. 10.  0.  5.][[0. 0. 0. 0.]]2[0m
        |   |   -- [92m[ 0.  10.   0.   2.5  0.   5.   0.  10.   0.  10.   5.  10. ][[0. 0. 0. 0.]]0[0m
            |   -- [92m[ 0.  10.   2.5  5.   0.   5.   0.  10.   0.  10.   5.  10. ][[0. 0. 0. 0.]]1[0m
    |   -- [91m[ 0. 10.  0.  5.  0.  5.  0. 10.  0. 10.  0. 10.][-0.92265982 -0.93760183 -0.89361339 -0.80287382]0[0m
    |   -- [91m[ 0. 10.  0.  5.  5. 10.  0. 10.  0. 10.  0. 10.][-0.09331358 -0.09958563 -0.10121313 -0.10822388]2[0m
    |   -- [91m[ 0. 10.  5. 10.  0. 10.  0. 10.  0. 10.  0.  5.][-0.11008127 -0.1144714  -0.09233226 -0.09165214]1[0m
        -- [91m[ 0. 10.  5. 10.  0. 10.  0. 10.  0. 10.  5. 10.][-0.09246302 -0.09882982 -0.06569294 -0.09808795]3[0m
-- [92m[ 0. 10.  0. 10.  0. 10.  0. 10.  0. 10.  0. 10.][[0. 0. 0. 0.]]-1[0m
after moving and partitioning 
        |   |   -- [92m[ 0. 10.  0.  5.  0.  5.  0.  5.  0. 10.  0.  5.][[0. 0. 0. 0.]]0[0m
        |   |   -- [92m[ 0. 10.  0.  5.  0.  5.  0.  5.  0. 10.  5. 10.][[0. 0. 0. 0.]]3[0m
        |   |   -- [92m[ 0. 10.  0.  5.  0.  5.  5. 10.  0.  5.  0. 10.][[0. 0. 0. 0.]]1[0m
            |   -- [92m[ 0. 10.  0.  5.  0.  5.  5. 10.  5. 10.  0. 10.][[0. 0. 0. 0.]]2[0m
    |   -- [91m[ 0. 10.  0.  5.  0.  5.  0. 10.  0. 10.  0. 10.][-0.92265982 -0.93760183 -0.89361339 -0.80287382]0[0m
    |   -- [91m[ 0. 10.  0.  5.  5. 10.  0. 10.  0. 10.  0. 10.][-0.09331358 -0.09958563 -0.10121313 -0.10822388]2[0m
    |   -- [91m[ 0. 10.  5. 10.  0. 10.  0. 10.  0. 10.  0.  5.][-0.11008127 -0.1144714  -0.09233226 -0.09165214]1[0m
        -- [91m[ 0. 10.  5. 10.  0. 10.  0. 10.  0. 10.  5. 10.][-0.09246302 -0.09882982 -0.06569294 -0.09808795]3[0m
-- [92m[ 0. 10.  0. 10.  0. 10.  0. 10.  0. 10.  0. 10.][[0. 0. 0. 0.]]-1[0m
after moving and partitioning 
        |   |   -- [92m[ 0.  5.  0.  5.  0.  5.  0.  5.  0. 10.  0. 10.][[0. 0. 0. 0.]]1[0m
        |   |   -- [92m[ 0.  5.  0.  5.  0.  5.  5. 10.  0. 10.  0. 10.][[0. 0. 0. 0.]]0[0m
        |   |   -- [92m[ 5.  10.   0.   2.5  0.   5.   0.  10.   0.  10.   0.  10. ][[0. 0. 0. 0.]]2[0m
            |   -- [92m[ 5.  10.   2.5  5.   0.   5.   0.  10.   0.  10.   0.  10. ][[0. 0. 0. 0.]]3[0m
    |   -- [91m[ 0. 10.  0.  5.  0.  5.  0. 10.  0. 10.  0. 10.][-0.92265982 -0.93760183 -0.89361339 -0.80287382]0[0m
    |   -- [91m[ 0. 10.  0.  5.  5. 10.  0. 10.  0. 10.  0. 10.][-0.09331358 -0.09958563 -0.10121313 -0.10822388]2[0m
    |   -- [91m[ 0. 10.  5. 10.  0. 10.  0. 10.  0. 10.  0.  5.][-0.11008127 -0.1144714  -0.09233226 -0.09165214]1[0m
        -- [91m[ 0. 10.  5. 10.  0. 10.  0. 10.  0. 10.  5. 10.][-0.09246302 -0.09882982 -0.06569294 -0.09808795]3[0m
-- [92m[ 0. 10.  0. 10.  0. 10.  0. 10.  0. 10.  0. 10.][[0. 0. 0. 0.]]-1[0m
after moving and partitioning 
        |   |   -- [92m[ 0.  5.  0.  5.  0.  5.  0.  5.  0. 10.  0. 10.][[0. 0. 0. 0.]]3[0m
        |   |   -- [92m[ 5. 10.  0.  5.  0.  5.  0.  5.  0. 10.  0. 10.][[0. 0. 0. 0.]]0[0m
        |   |   -- [92m[ 0. 10.  0.  5.  0.  5.  5. 10.  0.  5.  0. 10.][[0. 0. 0. 0.]]2[0m
            |   -- [92m[ 0. 10.  0.  5.  0.  5.  5. 10.  5. 10.  0. 10.][[0. 0. 0. 0.]]1[0m
    |   -- [91m[ 0. 10.  0.  5.  0.  5.  0. 10.  0. 10.  0. 10.][-0.92265982 -0.93760183 -0.89361339 -0.80287382]0[0m
    |   -- [91m[ 0. 10.  0.  5.  5. 10.  0. 10.  0. 10.  0. 10.][-0.09331358 -0.09958563 -0.10121313 -0.10822388]2[0m
    |   -- [91m[ 0. 10.  5. 10.  0. 10.  0. 10.  0. 10.  0.  5.][-0.11008127 -0.1144714  -0.09233226 -0.09165214]1[0m
        -- [91m[ 0. 10.  5. 10.  0. 10.  0. 10.  0. 10.  5. 10.][-0.09246302 -0.09882982 -0.06569294 -0.09808795]3[0m
-- [92m[ 0. 10.  0. 10.  0. 10.  0. 10.  0. 10.  0. 10.][[0. 0. 0. 0.]]-1[0m
after moving and partitioning 
        |   |   -- [92m[ 0.  10.   0.   5.   0.   2.5  0.  10.   0.  10.   0.   5. ][[0. 0. 0. 0.]]0[0m
        |   |   -- [92m[ 0.  10.   0.   5.   2.5  5.   0.  10.   0.  10.   0.   5. ][[0. 0. 0. 0.]]3[0m
        |   |   -- [92m[ 0.  10.   0.   5.   0.   5.   0.  10.   0.  10.   5.   7.5][[0. 0. 0. 0.]]1[0m
            |   -- [92m[ 0.  10.   0.   5.   0.   5.   0.  10.   0.  10.   7.5 10. ][[0. 0. 0. 0.]]2[0m
    |   -- [91m[ 0. 10.  0.  5.  0.  5.  0. 10.  0. 10.  0. 10.][-0.92265982 -0.93760183 -0.89361339 -0.80287382]0[0m
    |   -- [91m[ 0. 10.  0.  5.  5. 10.  0. 10.  0. 10.  0. 10.][-0.09331358 -0.09958563 -0.10121313 -0.10822388]2[0m
    |   -- [91m[ 0. 10.  5. 10.  0. 10.  0. 10.  0. 10.  0.  5.][-0.11008127 -0.1144714  -0.09233226 -0.09165214]1[0m
        -- [91m[ 0. 10.  5. 10.  0. 10.  0. 10.  0. 10.  5. 10.][-0.09246302 -0.09882982 -0.06569294 -0.09808795]3[0m
-- [92m[ 0. 10.  0. 10.  0. 10.  0. 10.  0. 10.  0. 10.][[0. 0. 0. 0.]]-1[0m
roots after dim:  [<bo.agent.partition.Node object at 0x15071dde0>, <bo.agent.partition.Node object at 0x15109b580>, <bo.agent.partition.Node object at 0x1510a9d50>, <bo.agent.partition.Node object at 0x1510ce050>, <bo.agent.partition.Node object at 0x151103190>, <bo.agent.partition.Node object at 0x15111f850>]
        |   |   -- [92m[ 0.  10.   0.   2.5  0.   2.5  0.  10.   0.  10.   0.  10. ][0. 0. 0. 0.]3[0m
        |   |   -- [92m[ 0.  10.   0.   2.5  2.5  5.   0.  10.   0.  10.   0.  10. ][0. 0. 0. 0.]2[0m
        |   |   -- [92m[ 0.  10.   2.5  5.   0.   5.   0.   5.   0.  10.   0.  10. ][0. 0. 0. 0.]1[0m
            |   -- [92m[ 0.  10.   2.5  5.   0.   5.   5.  10.   0.  10.   0.  10. ][0. 0. 0. 0.]0[0m
    |   -- [91m[ 0. 10.  0.  5.  0.  5.  0. 10.  0. 10.  0. 10.][-0.92265982 -0.93760183 -0.89361339 -0.80287382]3[0m
    |   -- [91m[ 0. 10.  0.  5.  5. 10.  0. 10.  0. 10.  0. 10.][-0.09331358 -0.09958563 -0.10121313 -0.10822388]2[0m
    |   -- [91m[ 0. 10.  5. 10.  0. 10.  0. 10.  0. 10.  0.  5.][-0.11008127 -0.1144714  -0.09233226 -0.09165214]1[0m
        -- [91m[ 0. 10.  5. 10.  0. 10.  0. 10.  0. 10.  5. 10.][-0.09246302 -0.09882982 -0.06569294 -0.09808795]0[0m
-- [92m[ 0. 10.  0. 10.  0. 10.  0. 10.  0. 10.  0. 10.][[0. 0. 0. 0.]]-1[0m
        |   |   -- [92m[ 0.  5.  0.  5.  0.  5.  0. 10.  0. 10.  0.  5.][0. 0. 0. 0.]3[0m
        |   |   -- [92m[ 5. 10.  0.  5.  0.  5.  0. 10.  0. 10.  0.  5.][0. 0. 0. 0.]2[0m
        |   |   -- [92m[ 0.  10.   0.   2.5  0.   5.   0.  10.   0.  10.   5.  10. ][0. 0. 0. 0.]1[0m
            |   -- [92m[ 0.  10.   2.5  5.   0.   5.   0.  10.   0.  10.   5.  10. ][0. 0. 0. 0.]0[0m
    |   -- [91m[ 0. 10.  0.  5.  0.  5.  0. 10.  0. 10.  0. 10.][-0.92265982 -0.93760183 -0.89361339 -0.80287382]1[0m
    |   -- [91m[ 0. 10.  0.  5.  5. 10.  0. 10.  0. 10.  0. 10.][-0.09331358 -0.09958563 -0.10121313 -0.10822388]2[0m
    |   -- [91m[ 0. 10.  5. 10.  0. 10.  0. 10.  0. 10.  0.  5.][-0.11008127 -0.1144714  -0.09233226 -0.09165214]0[0m
        -- [91m[ 0. 10.  5. 10.  0. 10.  0. 10.  0. 10.  5. 10.][-0.09246302 -0.09882982 -0.06569294 -0.09808795]3[0m
-- [92m[ 0. 10.  0. 10.  0. 10.  0. 10.  0. 10.  0. 10.][[0. 0. 0. 0.]]-1[0m
        |   |   -- [92m[ 0. 10.  0.  5.  0.  5.  0.  5.  0. 10.  0.  5.][0. 0. 0. 0.]3[0m
        |   |   -- [92m[ 0. 10.  0.  5.  0.  5.  0.  5.  0. 10.  5. 10.][0. 0. 0. 0.]2[0m
        |   |   -- [92m[ 0. 10.  0.  5.  0.  5.  5. 10.  0.  5.  0. 10.][0. 0. 0. 0.]1[0m
            |   -- [92m[ 0. 10.  0.  5.  0.  5.  5. 10.  5. 10.  0. 10.][0. 0. 0. 0.]0[0m
    |   -- [91m[ 0. 10.  0.  5.  0.  5.  0. 10.  0. 10.  0. 10.][-0.92265982 -0.93760183 -0.89361339 -0.80287382]3[0m
    |   -- [91m[ 0. 10.  0.  5.  5. 10.  0. 10.  0. 10.  0. 10.][-0.09331358 -0.09958563 -0.10121313 -0.10822388]0[0m
    |   -- [91m[ 0. 10.  5. 10.  0. 10.  0. 10.  0. 10.  0.  5.][-0.11008127 -0.1144714  -0.09233226 -0.09165214]1[0m
        -- [91m[ 0. 10.  5. 10.  0. 10.  0. 10.  0. 10.  5. 10.][-0.09246302 -0.09882982 -0.06569294 -0.09808795]2[0m
-- [92m[ 0. 10.  0. 10.  0. 10.  0. 10.  0. 10.  0. 10.][[0. 0. 0. 0.]]-1[0m
        |   |   -- [92m[ 0.  5.  0.  5.  0.  5.  0.  5.  0. 10.  0. 10.][0. 0. 0. 0.]3[0m
        |   |   -- [92m[ 0.  5.  0.  5.  0.  5.  5. 10.  0. 10.  0. 10.][0. 0. 0. 0.]2[0m
        |   |   -- [92m[ 5.  10.   0.   2.5  0.   5.   0.  10.   0.  10.   0.  10. ][0. 0. 0. 0.]1[0m
            |   -- [92m[ 5.  10.   2.5  5.   0.   5.   0.  10.   0.  10.   0.  10. ][0. 0. 0. 0.]0[0m
    |   -- [91m[ 0. 10.  0.  5.  0.  5.  0. 10.  0. 10.  0. 10.][-0.92265982 -0.93760183 -0.89361339 -0.80287382]2[0m
    |   -- [91m[ 0. 10.  0.  5.  5. 10.  0. 10.  0. 10.  0. 10.][-0.09331358 -0.09958563 -0.10121313 -0.10822388]1[0m
    |   -- [91m[ 0. 10.  5. 10.  0. 10.  0. 10.  0. 10.  0.  5.][-0.11008127 -0.1144714  -0.09233226 -0.09165214]3[0m
        -- [91m[ 0. 10.  5. 10.  0. 10.  0. 10.  0. 10.  5. 10.][-0.09246302 -0.09882982 -0.06569294 -0.09808795]0[0m
-- [92m[ 0. 10.  0. 10.  0. 10.  0. 10.  0. 10.  0. 10.][[0. 0. 0. 0.]]-1[0m
        |   |   -- [92m[ 0.  5.  0.  5.  0.  5.  0.  5.  0. 10.  0. 10.][0. 0. 0. 0.]3[0m
        |   |   -- [92m[ 5. 10.  0.  5.  0.  5.  0.  5.  0. 10.  0. 10.][0. 0. 0. 0.]2[0m
        |   |   -- [92m[ 0. 10.  0.  5.  0.  5.  5. 10.  0.  5.  0. 10.][0. 0. 0. 0.]1[0m
            |   -- [92m[ 0. 10.  0.  5.  0.  5.  5. 10.  5. 10.  0. 10.][0. 0. 0. 0.]0[0m
    |   -- [91m[ 0. 10.  0.  5.  0.  5.  0. 10.  0. 10.  0. 10.][-0.92265982 -0.93760183 -0.89361339 -0.80287382]2[0m
    |   -- [91m[ 0. 10.  0.  5.  5. 10.  0. 10.  0. 10.  0. 10.][-0.09331358 -0.09958563 -0.10121313 -0.10822388]1[0m
    |   -- [91m[ 0. 10.  5. 10.  0. 10.  0. 10.  0. 10.  0.  5.][-0.11008127 -0.1144714  -0.09233226 -0.09165214]0[0m
        -- [91m[ 0. 10.  5. 10.  0. 10.  0. 10.  0. 10.  5. 10.][-0.09246302 -0.09882982 -0.06569294 -0.09808795]3[0m
-- [92m[ 0. 10.  0. 10.  0. 10.  0. 10.  0. 10.  0. 10.][[0. 0. 0. 0.]]-1[0m
        |   |   -- [92m[ 0.  10.   0.   5.   0.   2.5  0.  10.   0.  10.   0.   5. ][0. 0. 0. 0.]3[0m
        |   |   -- [92m[ 0.  10.   0.   5.   2.5  5.   0.  10.   0.  10.   0.   5. ][0. 0. 0. 0.]2[0m
        |   |   -- [92m[ 0.  10.   0.   5.   0.   5.   0.  10.   0.  10.   5.   7.5][0. 0. 0. 0.]1[0m
            |   -- [92m[ 0.  10.   0.   5.   0.   5.   0.  10.   0.  10.   7.5 10. ][0. 0. 0. 0.]0[0m
    |   -- [91m[ 0. 10.  0.  5.  0.  5.  0. 10.  0. 10.  0. 10.][-0.92265982 -0.93760183 -0.89361339 -0.80287382]3[0m
    |   -- [91m[ 0. 10.  0.  5.  5. 10.  0. 10.  0. 10.  0. 10.][-0.09331358 -0.09958563 -0.10121313 -0.10822388]0[0m
    |   -- [91m[ 0. 10.  5. 10.  0. 10.  0. 10.  0. 10.  0.  5.][-0.11008127 -0.1144714  -0.09233226 -0.09165214]1[0m
        -- [91m[ 0. 10.  5. 10.  0. 10.  0. 10.  0. 10.  5. 10.][-0.09246302 -0.09882982 -0.06569294 -0.09808795]2[0m
-- [92m[ 0. 10.  0. 10.  0. 10.  0. 10.  0. 10.  0. 10.][[0. 0. 0. 0.]]-1[0m
xroots and agents b4 joblib :  6 6
Xs_root from joblib  6
$$$$$$$$$$$$$$$$$$$$$$$$$$$$$$$$$$$$$$$$$$$$$$$$$$$$$$$$$$$$$$$$$$$$$$$$$$$$$$$$$$$$$$$$$$$$$$$$$$$$
        |   |   -- [92m[ 0.  10.   0.   2.5  0.   2.5  0.  10.   0.  10.   0.  10. ][-0.24453466 -0.31755583 -0.19787493 -0.20848776]3[0m
        |   |   -- [92m[ 0.  10.   0.   2.5  2.5  5.   0.  10.   0.  10.   0.  10. ][-0.21588132 -0.17756747 -0.54540926 -0.2240378 ]2[0m
        |   |   -- [92m[ 0.  10.   2.5  5.   0.   5.   0.   5.   0.  10.   0.  10. ][-0.29921579 -0.29330437 -0.2377838  -0.25783524]1[0m
            |   -- [92m[ 0.  10.   2.5  5.   0.   5.   5.  10.   0.  10.   0.  10. ][-2.62800907 -1.06499071 -2.99961547 -1.95944914]0[0m
    |   -- [91m[ 0. 10.  0.  5.  0.  5.  0. 10.  0. 10.  0. 10.][-0.92265982 -0.93760183 -0.89361339 -0.80287382]3[0m
    |   -- [91m[ 0. 10.  0.  5.  5. 10.  0. 10.  0. 10.  0. 10.][-0.00080823 -0.00086814 -0.00031971 -0.00080506]2[0m
    |   -- [91m[ 0. 10.  5. 10.  0. 10.  0. 10.  0. 10.  0.  5.][-0.10786326 -0.08325856 -0.09330836 -0.08869249]1[0m
        -- [91m[ 0. 10.  5. 10.  0. 10.  0. 10.  0. 10.  5. 10.][-2.76902067e-04 -2.96204422e-05 -2.48054899e-04 -1.75694602e-04]0[0m
-- [92m[ 0. 10.  0. 10.  0. 10.  0. 10.  0. 10.  0. 10.][[0. 0. 0. 0.]]-1[0m
$$$$$$$$$$$$$$$$$$$$$$$$$$$$$$$$$$$$$$$$$$$$$$$$$$$$$$$$$$$$$$$$$$$$$$$$$$$$$$$$$$$$$$$$$$$$$$$$$$$$
$$$$$$$$$$$$$$$$$$$$$$$$$$$$$$$$$$$$$$$$$$$$$$$$$$$$$$$$$$$$$$$$$$$$$$$$$$$$$$$$$$$$$$$$$$$$$$$$$$$$
        |   |   -- [92m[ 0.  5.  0.  5.  0.  5.  0. 10.  0. 10.  0.  5.][-0.18068205 -0.2068388  -0.20415061 -0.20163651]3[0m
        |   |   -- [92m[ 5. 10.  0.  5.  0.  5.  0. 10.  0. 10.  0.  5.][-0.12462592 -0.12910247 -0.14614373 -0.13193398]2[0m
        |   |   -- [92m[ 0.  10.   0.   2.5  0.   5.   0.  10.   0.  10.   5.  10. ][-0.46551329 -0.38128785 -1.2015479  -0.59948723]1[0m
            |   -- [92m[ 0.  10.   2.5  5.   0.   5.   0.  10.   0.  10.   5.  10. ][-0.79178183 -0.26790976 -0.96805769 -0.19674251]0[0m
    |   -- [91m[ 0. 10.  0.  5.  0.  5.  0. 10.  0. 10.  0. 10.][-0.92265982 -0.93760183 -0.89361339 -0.80287382]1[0m
    |   -- [91m[ 0. 10.  0.  5.  5. 10.  0. 10.  0. 10.  0. 10.][-3.08538459e-05  0.00000000e+00 -9.93036788e-06  0.00000000e+00]2[0m
    |   -- [91m[ 0. 10.  5. 10.  0. 10.  0. 10.  0. 10.  0.  5.][-0.0840718  -0.07191618 -0.06680167 -0.06754966]0[0m
        -- [91m[ 0. 10.  5. 10.  0. 10.  0. 10.  0. 10.  5. 10.][0. 0. 0. 0.]3[0m
-- [92m[ 0. 10.  0. 10.  0. 10.  0. 10.  0. 10.  0. 10.][[0. 0. 0. 0.]]-1[0m
$$$$$$$$$$$$$$$$$$$$$$$$$$$$$$$$$$$$$$$$$$$$$$$$$$$$$$$$$$$$$$$$$$$$$$$$$$$$$$$$$$$$$$$$$$$$$$$$$$$$
$$$$$$$$$$$$$$$$$$$$$$$$$$$$$$$$$$$$$$$$$$$$$$$$$$$$$$$$$$$$$$$$$$$$$$$$$$$$$$$$$$$$$$$$$$$$$$$$$$$$
        |   |   -- [92m[ 0. 10.  0.  5.  0.  5.  0.  5.  0. 10.  0.  5.][-0.30799413 -0.41562552 -0.36119593 -0.28394373]3[0m
        |   |   -- [92m[ 0. 10.  0.  5.  0.  5.  0.  5.  0. 10.  5. 10.][ 0.         -0.07623887 -0.10812462 -0.0346179 ]2[0m
        |   |   -- [92m[ 0. 10.  0.  5.  0.  5.  5. 10.  0.  5.  0. 10.][-0.10137409 -0.03673429 -0.55373821 -0.04916981]1[0m
            |   -- [92m[ 0. 10.  0.  5.  0.  5.  5. 10.  5. 10.  0. 10.][-0.43733923 -0.36759239 -0.02223852 -0.26635874]0[0m
    |   -- [91m[ 0. 10.  0.  5.  0.  5.  0. 10.  0. 10.  0. 10.][-0.92265982 -0.93760183 -0.89361339 -0.80287382]3[0m
    |   -- [91m[ 0. 10.  0.  5.  5. 10.  0. 10.  0. 10.  0. 10.][0. 0. 0. 0.]0[0m
    |   -- [91m[ 0. 10.  5. 10.  0. 10.  0. 10.  0. 10.  0.  5.][0. 0. 0. 0.]1[0m
        -- [91m[ 0. 10.  5. 10.  0. 10.  0. 10.  0. 10.  5. 10.][0. 0. 0. 0.]2[0m
-- [92m[ 0. 10.  0. 10.  0. 10.  0. 10.  0. 10.  0. 10.][[0. 0. 0. 0.]]-1[0m
$$$$$$$$$$$$$$$$$$$$$$$$$$$$$$$$$$$$$$$$$$$$$$$$$$$$$$$$$$$$$$$$$$$$$$$$$$$$$$$$$$$$$$$$$$$$$$$$$$$$
$$$$$$$$$$$$$$$$$$$$$$$$$$$$$$$$$$$$$$$$$$$$$$$$$$$$$$$$$$$$$$$$$$$$$$$$$$$$$$$$$$$$$$$$$$$$$$$$$$$$
        |   |   -- [92m[ 0.  5.  0.  5.  0.  5.  0.  5.  0. 10.  0. 10.][-0.31860179 -0.35527855 -0.6939286  -0.50842633]3[0m
        |   |   -- [92m[ 0.  5.  0.  5.  0.  5.  5. 10.  0. 10.  0. 10.][-1.12224053 -0.10949388 -0.17067709 -0.1354606 ]2[0m
        |   |   -- [92m[ 5.  10.   0.   2.5  0.   5.   0.  10.   0.  10.   0.  10. ][-0.19674062 -0.25910086 -0.20717462 -0.16417553]1[0m
            |   -- [92m[ 5.  10.   2.5  5.   0.   5.   0.  10.   0.  10.   0.  10. ][-0.60813411 -1.14646761 -0.9629315  -0.54743868]0[0m
    |   -- [91m[ 0. 10.  0.  5.  0.  5.  0. 10.  0. 10.  0. 10.][-0.92265982 -0.93760183 -0.89361339 -0.80287382]2[0m
    |   -- [91m[ 0. 10.  0.  5.  5. 10.  0. 10.  0. 10.  0. 10.][-0.00081137 -0.00052318 -0.00090654 -0.00097246]1[0m
    |   -- [91m[ 0. 10.  5. 10.  0. 10.  0. 10.  0. 10.  0.  5.][-0.08234846 -0.08977371 -0.08079201 -0.09035721]3[0m
        -- [91m[ 0. 10.  5. 10.  0. 10.  0. 10.  0. 10.  5. 10.][-0.000435   -0.00048709 -0.00043502 -0.00056117]0[0m
-- [92m[ 0. 10.  0. 10.  0. 10.  0. 10.  0. 10.  0. 10.][[0. 0. 0. 0.]]-1[0m
$$$$$$$$$$$$$$$$$$$$$$$$$$$$$$$$$$$$$$$$$$$$$$$$$$$$$$$$$$$$$$$$$$$$$$$$$$$$$$$$$$$$$$$$$$$$$$$$$$$$
$$$$$$$$$$$$$$$$$$$$$$$$$$$$$$$$$$$$$$$$$$$$$$$$$$$$$$$$$$$$$$$$$$$$$$$$$$$$$$$$$$$$$$$$$$$$$$$$$$$$
        |   |   -- [92m[ 0.  5.  0.  5.  0.  5.  0.  5.  0. 10.  0. 10.][-0.01750768 -0.06389105 -0.0915492  -0.08180753]3[0m
        |   |   -- [92m[ 5. 10.  0.  5.  0.  5.  0.  5.  0. 10.  0. 10.][-0.11901108 -0.13100737 -0.07683413 -0.06726891]2[0m
        |   |   -- [92m[ 0. 10.  0.  5.  0.  5.  5. 10.  0.  5.  0. 10.][-0.08502747 -0.19360302 -0.19441385 -0.06853115]1[0m
            |   -- [92m[ 0. 10.  0.  5.  0.  5.  5. 10.  5. 10.  0. 10.][-1.09136865 -1.28448415 -0.26766788 -0.92388453]0[0m
    |   -- [91m[ 0. 10.  0.  5.  0.  5.  0. 10.  0. 10.  0. 10.][-0.92265982 -0.93760183 -0.89361339 -0.80287382]2[0m
    |   -- [91m[ 0. 10.  0.  5.  5. 10.  0. 10.  0. 10.  0. 10.][-0.00026775 -0.00041863 -0.00029164 -0.00019196]1[0m
    |   -- [91m[ 0. 10.  5. 10.  0. 10.  0. 10.  0. 10.  0.  5.][-0.03070854 -0.0275471  -0.02437758 -0.01438338]0[0m
        -- [91m[ 0. 10.  5. 10.  0. 10.  0. 10.  0. 10.  5. 10.][-3.12047496e-05 -9.27548987e-05 -1.48938062e-04 -1.84549096e-04]3[0m
-- [92m[ 0. 10.  0. 10.  0. 10.  0. 10.  0. 10.  0. 10.][[0. 0. 0. 0.]]-1[0m
$$$$$$$$$$$$$$$$$$$$$$$$$$$$$$$$$$$$$$$$$$$$$$$$$$$$$$$$$$$$$$$$$$$$$$$$$$$$$$$$$$$$$$$$$$$$$$$$$$$$
$$$$$$$$$$$$$$$$$$$$$$$$$$$$$$$$$$$$$$$$$$$$$$$$$$$$$$$$$$$$$$$$$$$$$$$$$$$$$$$$$$$$$$$$$$$$$$$$$$$$
        |   |   -- [92m[ 0.  10.   0.   5.   0.   2.5  0.  10.   0.  10.   0.   5. ][-0.00136017 -0.01406715  0.         -0.00685318]3[0m
        |   |   -- [92m[ 0.  10.   0.   5.   2.5  5.   0.  10.   0.  10.   0.   5. ][-0.00987235  0.         -0.19841919  0.        ]2[0m
        |   |   -- [92m[ 0.  10.   0.   5.   0.   5.   0.  10.   0.  10.   5.   7.5][-0.05929753 -0.04318491 -0.03672811 -0.04961972]1[0m
            |   -- [92m[ 0.  10.   0.   5.   0.   5.   0.  10.   0.  10.   7.5 10. ][-0.42787742 -0.53148127 -0.30116843 -1.34471662]0[0m
    |   -- [91m[ 0. 10.  0.  5.  0.  5.  0. 10.  0. 10.  0. 10.][-0.92265982 -0.93760183 -0.89361339 -0.80287382]3[0m
    |   -- [91m[ 0. 10.  0.  5.  5. 10.  0. 10.  0. 10.  0. 10.][0. 0. 0. 0.]0[0m
    |   -- [91m[ 0. 10.  5. 10.  0. 10.  0. 10.  0. 10.  0.  5.][0. 0. 0. 0.]1[0m
        -- [91m[ 0. 10.  5. 10.  0. 10.  0. 10.  0. 10.  5. 10.][0. 0. 0. 0.]2[0m
-- [92m[ 0. 10.  0. 10.  0. 10.  0. 10.  0. 10.  0. 10.][[0. 0. 0. 0.]]-1[0m
$$$$$$$$$$$$$$$$$$$$$$$$$$$$$$$$$$$$$$$$$$$$$$$$$$$$$$$$$$$$$$$$$$$$$$$$$$$$$$$$$$$$$$$$$$$$$$$$$$$$
mincumRewardIdx:  0
yofEI, miny from minK:  [5.61691174 3.09171016 4.62539628 7.18516175 0.89202036 4.26237242] [-1.68960141e-05] [[2.49435129 4.82555026 0.86044255 9.20245295 8.30690749 8.50799512]
 [9.36219578 3.62976999 2.52830372 5.06287064 2.37191383 2.63138754]
 [4.19562944 3.49742304 0.15891733 5.25306819 3.20777243 0.2770243 ]
 [3.47604175 2.71473231 1.35239908 5.53371974 1.77799604 1.48093065]
 [0.99340119 2.72797545 1.21172201 9.16147087 3.05977864 8.85789453]
 [4.58136306 2.79373068 0.07132003 9.67094588 4.94802809 9.59611226]
 [6.55494889 3.80446407 2.3196882  7.99800927 7.98907281 6.00592311]
 [8.52812086 2.87238675 4.09787602 8.56962439 1.60414217 0.11387697]
 [0.29942413 3.15573694 1.10413628 5.4766326  6.75246817 4.66987713]
 [5.34097478 3.25847725 2.7773677  8.42958141 6.84354136 2.49623038]] [-3.84011718e-11] [[2.49435129 4.82555026 0.86044255 9.20245295 8.30690749 8.50799512]]
yofEI, miny from minK:  [6.23550694 2.80292081 3.50961817 1.44253418 7.47113166 6.68510735] [0.00041489] [[0.38138789 3.8610793  1.1575912  3.09590263 8.50256931 7.07023172]
 [3.32828248 4.62201737 1.86134885 2.41535506 3.82079016 5.11976348]
 [2.47760382 4.66958477 0.44889484 3.32063534 4.21709607 6.48369055]
 [2.28908829 4.30577449 2.45671104 0.01359171 5.11423085 8.75802375]
 [9.52407653 4.02508838 0.08150712 2.63742963 9.14559732 6.7587106 ]
 [1.82816021 3.02917444 3.72285195 0.94291183 2.36632256 6.98079243]
 [2.68301896 2.77303641 1.17461361 0.55933201 9.52027503 5.49879791]
 [5.10973424 3.8808555  3.60108738 1.79375793 2.80336585 7.99212706]
 [7.75401723 4.37601241 4.76209424 1.46295533 7.43366048 3.55511286]
 [9.497509   4.19065045 4.6247564  3.82767209 6.23514689 4.28935229]] [0.00055539] [[0.38138789 3.8610793  1.1575912  3.09590263 8.50256931 7.07023172]]
yofEI, miny from minK:  [5.88361024 0.38267825 3.28072814 5.51946018 7.65245577 4.37443855] [-0.00420522] [[7.20261221 2.31445475 4.75817168 8.5276992  9.66180491 8.24495156]
 [6.3913416  0.81697261 4.68417472 5.46194301 2.41778015 9.83124432]
 [9.62902521 1.86758625 4.06650479 2.79810497 2.99486384 1.19926959]
 [6.96039533 2.15935912 4.92414329 3.16109912 0.80433354 8.35017903]
 [9.34163837 1.83029848 4.8482406  4.07307074 4.35005085 5.86125075]
 [6.69687429 2.04504762 4.3347011  6.73410013 6.97536949 2.38897732]
 [3.27947457 1.69403938 4.57393054 7.00960126 6.54162578 3.20718486]
 [4.37187042 1.87517937 3.49639187 4.72567497 9.45010385 3.67516383]
 [2.64594313 2.27217935 4.47246798 3.59076905 0.18102755 6.23914587]
 [1.21281938 2.19561529 4.91303231 1.30110999 3.79561022 6.80779885]] [5.90094673e-09] [[7.20261221 2.31445475 4.75817168 8.5276992  9.66180491 8.24495156]]
yofEI, miny from minK:  [8.33577448 0.57796724 1.40792846 1.57895966 4.17886366 6.28311707] [0.00278881] [[9.29541540e+00 2.39883644e+00 1.98636176e-01 6.75057591e+00
  1.99986849e+00 2.66726252e+00]
 [7.10603271e+00 1.53882988e+00 1.90971231e+00 1.59066131e+00
  9.39761535e+00 6.50364036e+00]
 [2.25449862e+00 1.19286530e-02 2.25501163e+00 2.29544390e+00
  9.82445250e+00 5.49664333e+00]
 [5.28272147e+00 1.75580571e+00 1.38018578e+00 4.54843027e+00
  5.50784125e+00 1.86284235e+00]
 [5.78065952e+00 2.29708100e+00 1.08098356e-01 7.52578782e-01
  3.62303326e+00 9.21923960e+00]
 [6.25930604e+00 1.68559264e+00 1.98438505e+00 6.64344311e+00
  4.48885084e+00 5.18008271e+00]
 [2.49440505e+00 8.37089276e-01 2.03609592e+00 2.11315850e+00
  7.62101013e+00 8.55553357e+00]
 [4.59620356e+00 5.65465059e-01 9.99739030e-01 5.75093248e+00
  5.93479401e+00 1.20571415e-02]
 [6.93486329e+00 1.60950357e+00 8.85368740e-03 2.98488565e+00
  2.96435771e+00 2.89978798e+00]
 [8.00836261e+00 9.51687401e-01 1.07710748e+00 4.97099150e+00
  9.60874399e+00 4.40324834e+00]] [-8.02870632e-06] [[9.2954154  2.39883644 0.19863618 6.75057591 1.99986849 2.66726252]]
pred_sample_x, pred_sample_y:  [[2.49435129 4.82555026 0.86044255 9.20245295 8.30690749 8.50799512]
 [0.38138789 3.8610793  1.1575912  3.09590263 8.50256931 7.07023172]
 [7.20261221 2.31445475 4.75817168 8.5276992  9.66180491 8.24495156]
 [9.2954154  2.39883644 0.19863618 6.75057591 1.99986849 2.66726252]] [-3.84011718e-11  5.55392933e-04  5.90094673e-09 -8.02870632e-06]
min obs so far :  [9.2954154  2.39883644 0.19863618 6.75057591 1.99986849 2.66726252] -8.028706316300429e-06
        |   |   -- [92m[ 0.  10.   0.   2.5  0.   2.5  0.  10.   0.  10.   0.  10. ][-0.24453466 -0.31755583 -0.19787493 -0.20848776]3[0m
        |   |   -- [92m[ 0.  10.   0.   2.5  2.5  5.   0.  10.   0.  10.   0.  10. ][-0.21588132 -0.17756747 -0.54540926 -0.2240378 ]2[0m
        |   |   -- [92m[ 0.  10.   2.5  5.   0.   5.   0.   5.   0.  10.   0.  10. ][-0.29921579 -0.29330437 -0.2377838  -0.25783524]1[0m
            |   -- [92m[ 0.  10.   2.5  5.   0.   5.   5.  10.   0.  10.   0.  10. ][-2.62800907 -1.06499071 -2.99961547 -1.95944914]0[0m
    |   -- [91m[ 0. 10.  0.  5.  0.  5.  0. 10.  0. 10.  0. 10.][-0.92265982 -0.93760183 -0.89361339 -0.80287382]3[0m
    |   -- [91m[ 0. 10.  0.  5.  5. 10.  0. 10.  0. 10.  0. 10.][-0.00080823 -0.00086814 -0.00031971 -0.00080506]2[0m
    |   -- [91m[ 0. 10.  5. 10.  0. 10.  0. 10.  0. 10.  0.  5.][-0.10786326 -0.08325856 -0.09330836 -0.08869249]1[0m
        -- [91m[ 0. 10.  5. 10.  0. 10.  0. 10.  0. 10.  5. 10.][-2.76902067e-04 -2.96204422e-05 -2.48054899e-04 -1.75694602e-04]0[0m
-- [92m[ 0. 10.  0. 10.  0. 10.  0. 10.  0. 10.  0. 10.][[0. 0. 0. 0.]]-1[0m
globalXtrain, globalYtrain : -0.3881136581711273
_____________________________________ 2
_____________________________________
global dataset :  (68, 6) (68,)
_____________________________________
after moving and partitioning 
        |   |   -- [91m[ 0.  10.   0.   2.5  0.   2.5  0.  10.   0.  10.   0.  10. ][-0.24453466 -0.31755583 -0.19787493 -0.20848776]3[0m
        |   |   -- [91m[ 0.  10.   0.   2.5  2.5  5.   0.  10.   0.  10.   0.  10. ][-0.21588132 -0.17756747 -0.54540926 -0.2240378 ]2[0m
        |   |   -- [91m[ 0.  10.   2.5  5.   0.   5.   0.   5.   0.  10.   0.  10. ][-0.29921579 -0.29330437 -0.2377838  -0.25783524]1[0m
            |       |   -- [92m[ 0.  10.   2.5  5.   0.   2.5  5.   7.5  0.  10.   0.  10. ][[0. 0. 0. 0.]]3[0m
            |       |   -- [92m[ 0.  10.   2.5  5.   2.5  5.   5.   7.5  0.  10.   0.  10. ][[0. 0. 0. 0.]]1[0m
            |       |   -- [92m[ 0.  10.   2.5  5.   0.   5.   7.5 10.   0.   5.   0.  10. ][[0. 0. 0. 0.]]2[0m
                    |   -- [92m[ 0.  10.   2.5  5.   0.   5.   7.5 10.   5.  10.   0.  10. ][[0. 0. 0. 0.]]0[0m
            |   -- [91m[ 0.  10.   2.5  5.   0.   5.   5.  10.   0.  10.   0.  10. ][-2.62800907 -1.06499071 -2.99961547 -1.95944914]0[0m
    |   -- [91m[ 0. 10.  0.  5.  0.  5.  0. 10.  0. 10.  0. 10.][-0.92265982 -0.93760183 -0.89361339 -0.80287382]3[0m
    |   -- [91m[ 0. 10.  0.  5.  5. 10.  0. 10.  0. 10.  0. 10.][-0.00080823 -0.00086814 -0.00031971 -0.00080506]2[0m
    |   -- [91m[ 0. 10.  5. 10.  0. 10.  0. 10.  0. 10.  0.  5.][-0.10786326 -0.08325856 -0.09330836 -0.08869249]1[0m
        -- [91m[ 0. 10.  5. 10.  0. 10.  0. 10.  0. 10.  5. 10.][-2.76902067e-04 -2.96204422e-05 -2.48054899e-04 -1.75694602e-04]0[0m
-- [92m[ 0. 10.  0. 10.  0. 10.  0. 10.  0. 10.  0. 10.][[0. 0. 0. 0.]]-1[0m
after moving and partitioning 
        |   |   -- [91m[ 0.  10.   0.   2.5  0.   2.5  0.  10.   0.  10.   0.  10. ][-0.24453466 -0.31755583 -0.19787493 -0.20848776]3[0m
        |   |   -- [91m[ 0.  10.   0.   2.5  2.5  5.   0.  10.   0.  10.   0.  10. ][-0.21588132 -0.17756747 -0.54540926 -0.2240378 ]2[0m
        |   |   -- [91m[ 0.  10.   2.5  5.   0.   5.   0.   5.   0.  10.   0.  10. ][-0.29921579 -0.29330437 -0.2377838  -0.25783524]1[0m
            |       |   -- [92m[ 0.  10.   2.5  5.   0.   5.   5.  10.   0.   5.   0.   5. ][[0. 0. 0. 0.]]0[0m
            |       |   -- [92m[ 0.  10.   2.5  5.   0.   5.   5.  10.   5.  10.   0.   5. ][[0. 0. 0. 0.]]1[0m
            |       |   -- [92m[ 0.   10.    2.5   3.75  0.    5.    5.   10.    0.   10.    5.   10.  ][[0. 0. 0. 0.]]3[0m
                    |   -- [92m[ 0.   10.    3.75  5.    0.    5.    5.   10.    0.   10.    5.   10.  ][[0. 0. 0. 0.]]2[0m
            |   -- [91m[ 0.  10.   2.5  5.   0.   5.   5.  10.   0.  10.   0.  10. ][-2.62800907 -1.06499071 -2.99961547 -1.95944914]0[0m
    |   -- [91m[ 0. 10.  0.  5.  0.  5.  0. 10.  0. 10.  0. 10.][-0.92265982 -0.93760183 -0.89361339 -0.80287382]3[0m
    |   -- [91m[ 0. 10.  0.  5.  5. 10.  0. 10.  0. 10.  0. 10.][-0.00080823 -0.00086814 -0.00031971 -0.00080506]2[0m
    |   -- [91m[ 0. 10.  5. 10.  0. 10.  0. 10.  0. 10.  0.  5.][-0.10786326 -0.08325856 -0.09330836 -0.08869249]1[0m
        -- [91m[ 0. 10.  5. 10.  0. 10.  0. 10.  0. 10.  5. 10.][-2.76902067e-04 -2.96204422e-05 -2.48054899e-04 -1.75694602e-04]0[0m
-- [92m[ 0. 10.  0. 10.  0. 10.  0. 10.  0. 10.  0. 10.][[0. 0. 0. 0.]]-1[0m
after moving and partitioning 
        |   |   -- [91m[ 0.  10.   0.   2.5  0.   2.5  0.  10.   0.  10.   0.  10. ][-0.24453466 -0.31755583 -0.19787493 -0.20848776]3[0m
        |   |   -- [91m[ 0.  10.   0.   2.5  2.5  5.   0.  10.   0.  10.   0.  10. ][-0.21588132 -0.17756747 -0.54540926 -0.2240378 ]2[0m
        |   |   -- [91m[ 0.  10.   2.5  5.   0.   5.   0.   5.   0.  10.   0.  10. ][-0.29921579 -0.29330437 -0.2377838  -0.25783524]1[0m
            |       |   -- [92m[ 0.  10.   2.5  5.   0.   2.5  5.  10.   0.  10.   0.   5. ][[0. 0. 0. 0.]]0[0m
            |       |   -- [92m[ 0.  10.   2.5  5.   2.5  5.   5.  10.   0.  10.   0.   5. ][[0. 0. 0. 0.]]1[0m
            |       |   -- [92m[ 0.  10.   2.5  5.   0.   5.   5.  10.   0.   5.   5.  10. ][[0. 0. 0. 0.]]3[0m
                    |   -- [92m[ 0.  10.   2.5  5.   0.   5.   5.  10.   5.  10.   5.  10. ][[0. 0. 0. 0.]]2[0m
            |   -- [91m[ 0.  10.   2.5  5.   0.   5.   5.  10.   0.  10.   0.  10. ][-2.62800907 -1.06499071 -2.99961547 -1.95944914]0[0m
    |   -- [91m[ 0. 10.  0.  5.  0.  5.  0. 10.  0. 10.  0. 10.][-0.92265982 -0.93760183 -0.89361339 -0.80287382]3[0m
    |   -- [91m[ 0. 10.  0.  5.  5. 10.  0. 10.  0. 10.  0. 10.][-0.00080823 -0.00086814 -0.00031971 -0.00080506]2[0m
    |   -- [91m[ 0. 10.  5. 10.  0. 10.  0. 10.  0. 10.  0.  5.][-0.10786326 -0.08325856 -0.09330836 -0.08869249]1[0m
        -- [91m[ 0. 10.  5. 10.  0. 10.  0. 10.  0. 10.  5. 10.][-2.76902067e-04 -2.96204422e-05 -2.48054899e-04 -1.75694602e-04]0[0m
-- [92m[ 0. 10.  0. 10.  0. 10.  0. 10.  0. 10.  0. 10.][[0. 0. 0. 0.]]-1[0m
after moving and partitioning 
        |   |   -- [91m[ 0.  10.   0.   2.5  0.   2.5  0.  10.   0.  10.   0.  10. ][-0.24453466 -0.31755583 -0.19787493 -0.20848776]3[0m
        |   |   -- [91m[ 0.  10.   0.   2.5  2.5  5.   0.  10.   0.  10.   0.  10. ][-0.21588132 -0.17756747 -0.54540926 -0.2240378 ]2[0m
        |   |   -- [91m[ 0.  10.   2.5  5.   0.   5.   0.   5.   0.  10.   0.  10. ][-0.29921579 -0.29330437 -0.2377838  -0.25783524]1[0m
            |       |   -- [92m[ 0.  10.   2.5  5.   0.   5.   5.   7.5  0.   5.   0.  10. ][[0. 0. 0. 0.]]3[0m
            |       |   -- [92m[ 0.  10.   2.5  5.   0.   5.   5.   7.5  5.  10.   0.  10. ][[0. 0. 0. 0.]]1[0m
            |       |   -- [92m[ 0.  10.   2.5  5.   0.   5.   7.5 10.   0.   5.   0.  10. ][[0. 0. 0. 0.]]0[0m
                    |   -- [92m[ 0.  10.   2.5  5.   0.   5.   7.5 10.   5.  10.   0.  10. ][[0. 0. 0. 0.]]2[0m
            |   -- [91m[ 0.  10.   2.5  5.   0.   5.   5.  10.   0.  10.   0.  10. ][-2.62800907 -1.06499071 -2.99961547 -1.95944914]0[0m
    |   -- [91m[ 0. 10.  0.  5.  0.  5.  0. 10.  0. 10.  0. 10.][-0.92265982 -0.93760183 -0.89361339 -0.80287382]3[0m
    |   -- [91m[ 0. 10.  0.  5.  5. 10.  0. 10.  0. 10.  0. 10.][-0.00080823 -0.00086814 -0.00031971 -0.00080506]2[0m
    |   -- [91m[ 0. 10.  5. 10.  0. 10.  0. 10.  0. 10.  0.  5.][-0.10786326 -0.08325856 -0.09330836 -0.08869249]1[0m
        -- [91m[ 0. 10.  5. 10.  0. 10.  0. 10.  0. 10.  5. 10.][-2.76902067e-04 -2.96204422e-05 -2.48054899e-04 -1.75694602e-04]0[0m
-- [92m[ 0. 10.  0. 10.  0. 10.  0. 10.  0. 10.  0. 10.][[0. 0. 0. 0.]]-1[0m
after moving and partitioning 
        |   |   -- [91m[ 0.  10.   0.   2.5  0.   2.5  0.  10.   0.  10.   0.  10. ][-0.24453466 -0.31755583 -0.19787493 -0.20848776]3[0m
        |   |   -- [91m[ 0.  10.   0.   2.5  2.5  5.   0.  10.   0.  10.   0.  10. ][-0.21588132 -0.17756747 -0.54540926 -0.2240378 ]2[0m
        |   |   -- [91m[ 0.  10.   2.5  5.   0.   5.   0.   5.   0.  10.   0.  10. ][-0.29921579 -0.29330437 -0.2377838  -0.25783524]1[0m
            |       |   -- [92m[ 0.  10.   2.5  5.   0.   5.   5.  10.   0.  10.   0.   2.5][[0. 0. 0. 0.]]0[0m
            |       |   -- [92m[ 0.  10.   2.5  5.   0.   5.   5.  10.   0.  10.   2.5  5. ][[0. 0. 0. 0.]]3[0m
            |       |   -- [92m[ 0.  10.   2.5  5.   0.   5.   5.   7.5  0.  10.   5.  10. ][[0. 0. 0. 0.]]2[0m
                    |   -- [92m[ 0.  10.   2.5  5.   0.   5.   7.5 10.   0.  10.   5.  10. ][[0. 0. 0. 0.]]1[0m
            |   -- [91m[ 0.  10.   2.5  5.   0.   5.   5.  10.   0.  10.   0.  10. ][-2.62800907 -1.06499071 -2.99961547 -1.95944914]0[0m
    |   -- [91m[ 0. 10.  0.  5.  0.  5.  0. 10.  0. 10.  0. 10.][-0.92265982 -0.93760183 -0.89361339 -0.80287382]3[0m
    |   -- [91m[ 0. 10.  0.  5.  5. 10.  0. 10.  0. 10.  0. 10.][-0.00080823 -0.00086814 -0.00031971 -0.00080506]2[0m
    |   -- [91m[ 0. 10.  5. 10.  0. 10.  0. 10.  0. 10.  0.  5.][-0.10786326 -0.08325856 -0.09330836 -0.08869249]1[0m
        -- [91m[ 0. 10.  5. 10.  0. 10.  0. 10.  0. 10.  5. 10.][-2.76902067e-04 -2.96204422e-05 -2.48054899e-04 -1.75694602e-04]0[0m
-- [92m[ 0. 10.  0. 10.  0. 10.  0. 10.  0. 10.  0. 10.][[0. 0. 0. 0.]]-1[0m
after moving and partitioning 
        |   |   -- [91m[ 0.  10.   0.   2.5  0.   2.5  0.  10.   0.  10.   0.  10. ][-0.24453466 -0.31755583 -0.19787493 -0.20848776]3[0m
        |   |   -- [91m[ 0.  10.   0.   2.5  2.5  5.   0.  10.   0.  10.   0.  10. ][-0.21588132 -0.17756747 -0.54540926 -0.2240378 ]2[0m
        |   |   -- [91m[ 0.  10.   2.5  5.   0.   5.   0.   5.   0.  10.   0.  10. ][-0.29921579 -0.29330437 -0.2377838  -0.25783524]1[0m
            |       |   -- [92m[ 0.   10.    2.5   3.75  0.    5.    5.   10.    0.    5.    0.   10.  ][[0. 0. 0. 0.]]0[0m
            |       |   -- [92m[ 0.   10.    3.75  5.    0.    5.    5.   10.    0.    5.    0.   10.  ][[0. 0. 0. 0.]]3[0m
            |       |   -- [92m[ 0.   5.   2.5  5.   0.   5.   5.  10.   5.  10.   0.  10. ][[0. 0. 0. 0.]]1[0m
                    |   -- [92m[ 5.  10.   2.5  5.   0.   5.   5.  10.   5.  10.   0.  10. ][[0. 0. 0. 0.]]2[0m
            |   -- [91m[ 0.  10.   2.5  5.   0.   5.   5.  10.   0.  10.   0.  10. ][-2.62800907 -1.06499071 -2.99961547 -1.95944914]0[0m
    |   -- [91m[ 0. 10.  0.  5.  0.  5.  0. 10.  0. 10.  0. 10.][-0.92265982 -0.93760183 -0.89361339 -0.80287382]3[0m
    |   -- [91m[ 0. 10.  0.  5.  5. 10.  0. 10.  0. 10.  0. 10.][-0.00080823 -0.00086814 -0.00031971 -0.00080506]2[0m
    |   -- [91m[ 0. 10.  5. 10.  0. 10.  0. 10.  0. 10.  0.  5.][-0.10786326 -0.08325856 -0.09330836 -0.08869249]1[0m
        -- [91m[ 0. 10.  5. 10.  0. 10.  0. 10.  0. 10.  5. 10.][-2.76902067e-04 -2.96204422e-05 -2.48054899e-04 -1.75694602e-04]0[0m
-- [92m[ 0. 10.  0. 10.  0. 10.  0. 10.  0. 10.  0. 10.][[0. 0. 0. 0.]]-1[0m
roots after dim:  [<bo.agent.partition.Node object at 0x16e02ee30>, <bo.agent.partition.Node object at 0x16fc7cdc0>, <bo.agent.partition.Node object at 0x16fcb3490>, <bo.agent.partition.Node object at 0x16fd16b00>, <bo.agent.partition.Node object at 0x16e05f010>, <bo.agent.partition.Node object at 0x16e0e54e0>]
        |   |   -- [91m[ 0.  10.   0.   2.5  0.   2.5  0.  10.   0.  10.   0.  10. ][-0.24453466 -0.31755583 -0.19787493 -0.20848776]0[0m
        |   |   -- [91m[ 0.  10.   0.   2.5  2.5  5.   0.  10.   0.  10.   0.  10. ][-0.21588132 -0.17756747 -0.54540926 -0.2240378 ]1[0m
        |   |   -- [91m[ 0.  10.   2.5  5.   0.   5.   0.   5.   0.  10.   0.  10. ][-0.29921579 -0.29330437 -0.2377838  -0.25783524]2[0m
            |       |   -- [92m[ 0.  10.   2.5  5.   0.   2.5  5.   7.5  0.  10.   0.  10. ][0. 0. 0. 0.]0[0m
            |       |   -- [92m[ 0.  10.   2.5  5.   2.5  5.   5.   7.5  0.  10.   0.  10. ][0. 0. 0. 0.]2[0m
            |       |   -- [92m[ 0.  10.   2.5  5.   0.   5.   7.5 10.   0.   5.   0.  10. ][0. 0. 0. 0.]1[0m
                    |   -- [92m[ 0.  10.   2.5  5.   0.   5.   7.5 10.   5.  10.   0.  10. ][0. 0. 0. 0.]3[0m
            |   -- [91m[ 0.  10.   2.5  5.   0.   5.   5.  10.   0.  10.   0.  10. ][-2.62800907 -1.06499071 -2.99961547 -1.95944914]3[0m
    |   -- [91m[ 0. 10.  0.  5.  0.  5.  0. 10.  0. 10.  0. 10.][-0.92265982 -0.93760183 -0.89361339 -0.80287382]0[0m
    |   -- [91m[ 0. 10.  0.  5.  5. 10.  0. 10.  0. 10.  0. 10.][-0.00080823 -0.00086814 -0.00031971 -0.00080506]1[0m
    |   -- [91m[ 0. 10.  5. 10.  0. 10.  0. 10.  0. 10.  0.  5.][-0.10786326 -0.08325856 -0.09330836 -0.08869249]2[0m
        -- [91m[ 0. 10.  5. 10.  0. 10.  0. 10.  0. 10.  5. 10.][-2.76902067e-04 -2.96204422e-05 -2.48054899e-04 -1.75694602e-04]3[0m
-- [92m[ 0. 10.  0. 10.  0. 10.  0. 10.  0. 10.  0. 10.][[0. 0. 0. 0.]]-1[0m
        |   |   -- [91m[ 0.  10.   0.   2.5  0.   2.5  0.  10.   0.  10.   0.  10. ][-0.24453466 -0.31755583 -0.19787493 -0.20848776]1[0m
        |   |   -- [91m[ 0.  10.   0.   2.5  2.5  5.   0.  10.   0.  10.   0.  10. ][-0.21588132 -0.17756747 -0.54540926 -0.2240378 ]3[0m
        |   |   -- [91m[ 0.  10.   2.5  5.   0.   5.   0.   5.   0.  10.   0.  10. ][-0.29921579 -0.29330437 -0.2377838  -0.25783524]2[0m
            |       |   -- [92m[ 0.  10.   2.5  5.   0.   5.   5.  10.   0.   5.   0.   5. ][0. 0. 0. 0.]0[0m
            |       |   -- [92m[ 0.  10.   2.5  5.   0.   5.   5.  10.   5.  10.   0.   5. ][0. 0. 0. 0.]2[0m
            |       |   -- [92m[ 0.   10.    2.5   3.75  0.    5.    5.   10.    0.   10.    5.   10.  ][0. 0. 0. 0.]1[0m
                    |   -- [92m[ 0.   10.    3.75  5.    0.    5.    5.   10.    0.   10.    5.   10.  ][0. 0. 0. 0.]3[0m
            |   -- [91m[ 0.  10.   2.5  5.   0.   5.   5.  10.   0.  10.   0.  10. ][-2.62800907 -1.06499071 -2.99961547 -1.95944914]0[0m
    |   -- [91m[ 0. 10.  0.  5.  0.  5.  0. 10.  0. 10.  0. 10.][-0.92265982 -0.93760183 -0.89361339 -0.80287382]1[0m
    |   -- [91m[ 0. 10.  0.  5.  5. 10.  0. 10.  0. 10.  0. 10.][-0.00080823 -0.00086814 -0.00031971 -0.00080506]3[0m
    |   -- [91m[ 0. 10.  5. 10.  0. 10.  0. 10.  0. 10.  0.  5.][-0.10786326 -0.08325856 -0.09330836 -0.08869249]2[0m
        -- [91m[ 0. 10.  5. 10.  0. 10.  0. 10.  0. 10.  5. 10.][-2.76902067e-04 -2.96204422e-05 -2.48054899e-04 -1.75694602e-04]0[0m
-- [92m[ 0. 10.  0. 10.  0. 10.  0. 10.  0. 10.  0. 10.][[0. 0. 0. 0.]]-1[0m
        |   |   -- [91m[ 0.  10.   0.   2.5  0.   2.5  0.  10.   0.  10.   0.  10. ][-0.24453466 -0.31755583 -0.19787493 -0.20848776]1[0m
        |   |   -- [91m[ 0.  10.   0.   2.5  2.5  5.   0.  10.   0.  10.   0.  10. ][-0.21588132 -0.17756747 -0.54540926 -0.2240378 ]3[0m
        |   |   -- [91m[ 0.  10.   2.5  5.   0.   5.   0.   5.   0.  10.   0.  10. ][-0.29921579 -0.29330437 -0.2377838  -0.25783524]2[0m
            |       |   -- [92m[ 0.  10.   2.5  5.   0.   2.5  5.  10.   0.  10.   0.   5. ][0. 0. 0. 0.]0[0m
            |       |   -- [92m[ 0.  10.   2.5  5.   2.5  5.   5.  10.   0.  10.   0.   5. ][0. 0. 0. 0.]2[0m
            |       |   -- [92m[ 0.  10.   2.5  5.   0.   5.   5.  10.   0.   5.   5.  10. ][0. 0. 0. 0.]1[0m
                    |   -- [92m[ 0.  10.   2.5  5.   0.   5.   5.  10.   5.  10.   5.  10. ][0. 0. 0. 0.]3[0m
            |   -- [91m[ 0.  10.   2.5  5.   0.   5.   5.  10.   0.  10.   0.  10. ][-2.62800907 -1.06499071 -2.99961547 -1.95944914]0[0m
    |   -- [91m[ 0. 10.  0.  5.  0.  5.  0. 10.  0. 10.  0. 10.][-0.92265982 -0.93760183 -0.89361339 -0.80287382]1[0m
    |   -- [91m[ 0. 10.  0.  5.  5. 10.  0. 10.  0. 10.  0. 10.][-0.00080823 -0.00086814 -0.00031971 -0.00080506]3[0m
    |   -- [91m[ 0. 10.  5. 10.  0. 10.  0. 10.  0. 10.  0.  5.][-0.10786326 -0.08325856 -0.09330836 -0.08869249]2[0m
        -- [91m[ 0. 10.  5. 10.  0. 10.  0. 10.  0. 10.  5. 10.][-2.76902067e-04 -2.96204422e-05 -2.48054899e-04 -1.75694602e-04]0[0m
-- [92m[ 0. 10.  0. 10.  0. 10.  0. 10.  0. 10.  0. 10.][[0. 0. 0. 0.]]-1[0m
        |   |   -- [91m[ 0.  10.   0.   2.5  0.   2.5  0.  10.   0.  10.   0.  10. ][-0.24453466 -0.31755583 -0.19787493 -0.20848776]0[0m
        |   |   -- [91m[ 0.  10.   0.   2.5  2.5  5.   0.  10.   0.  10.   0.  10. ][-0.21588132 -0.17756747 -0.54540926 -0.2240378 ]3[0m
        |   |   -- [91m[ 0.  10.   2.5  5.   0.   5.   0.   5.   0.  10.   0.  10. ][-0.29921579 -0.29330437 -0.2377838  -0.25783524]2[0m
            |       |   -- [92m[ 0.  10.   2.5  5.   0.   5.   5.   7.5  0.   5.   0.  10. ][0. 0. 0. 0.]0[0m
            |       |   -- [92m[ 0.  10.   2.5  5.   0.   5.   5.   7.5  5.  10.   0.  10. ][0. 0. 0. 0.]2[0m
            |       |   -- [92m[ 0.  10.   2.5  5.   0.   5.   7.5 10.   0.   5.   0.  10. ][0. 0. 0. 0.]1[0m
                    |   -- [92m[ 0.  10.   2.5  5.   0.   5.   7.5 10.   5.  10.   0.  10. ][0. 0. 0. 0.]3[0m
            |   -- [91m[ 0.  10.   2.5  5.   0.   5.   5.  10.   0.  10.   0.  10. ][-2.62800907 -1.06499071 -2.99961547 -1.95944914]1[0m
    |   -- [91m[ 0. 10.  0.  5.  0.  5.  0. 10.  0. 10.  0. 10.][-0.92265982 -0.93760183 -0.89361339 -0.80287382]0[0m
    |   -- [91m[ 0. 10.  0.  5.  5. 10.  0. 10.  0. 10.  0. 10.][-0.00080823 -0.00086814 -0.00031971 -0.00080506]3[0m
    |   -- [91m[ 0. 10.  5. 10.  0. 10.  0. 10.  0. 10.  0.  5.][-0.10786326 -0.08325856 -0.09330836 -0.08869249]2[0m
        -- [91m[ 0. 10.  5. 10.  0. 10.  0. 10.  0. 10.  5. 10.][-2.76902067e-04 -2.96204422e-05 -2.48054899e-04 -1.75694602e-04]1[0m
-- [92m[ 0. 10.  0. 10.  0. 10.  0. 10.  0. 10.  0. 10.][[0. 0. 0. 0.]]-1[0m
        |   |   -- [91m[ 0.  10.   0.   2.5  0.   2.5  0.  10.   0.  10.   0.  10. ][-0.24453466 -0.31755583 -0.19787493 -0.20848776]2[0m
        |   |   -- [91m[ 0.  10.   0.   2.5  2.5  5.   0.  10.   0.  10.   0.  10. ][-0.21588132 -0.17756747 -0.54540926 -0.2240378 ]1[0m
        |   |   -- [91m[ 0.  10.   2.5  5.   0.   5.   0.   5.   0.  10.   0.  10. ][-0.29921579 -0.29330437 -0.2377838  -0.25783524]3[0m
            |       |   -- [92m[ 0.  10.   2.5  5.   0.   5.   5.  10.   0.  10.   0.   2.5][0. 0. 0. 0.]0[0m
            |       |   -- [92m[ 0.  10.   2.5  5.   0.   5.   5.  10.   0.  10.   2.5  5. ][0. 0. 0. 0.]2[0m
            |       |   -- [92m[ 0.  10.   2.5  5.   0.   5.   5.   7.5  0.  10.   5.  10. ][0. 0. 0. 0.]1[0m
                    |   -- [92m[ 0.  10.   2.5  5.   0.   5.   7.5 10.   0.  10.   5.  10. ][0. 0. 0. 0.]3[0m
            |   -- [91m[ 0.  10.   2.5  5.   0.   5.   5.  10.   0.  10.   0.  10. ][-2.62800907 -1.06499071 -2.99961547 -1.95944914]0[0m
    |   -- [91m[ 0. 10.  0.  5.  0.  5.  0. 10.  0. 10.  0. 10.][-0.92265982 -0.93760183 -0.89361339 -0.80287382]2[0m
    |   -- [91m[ 0. 10.  0.  5.  5. 10.  0. 10.  0. 10.  0. 10.][-0.00080823 -0.00086814 -0.00031971 -0.00080506]1[0m
    |   -- [91m[ 0. 10.  5. 10.  0. 10.  0. 10.  0. 10.  0.  5.][-0.10786326 -0.08325856 -0.09330836 -0.08869249]3[0m
        -- [91m[ 0. 10.  5. 10.  0. 10.  0. 10.  0. 10.  5. 10.][-2.76902067e-04 -2.96204422e-05 -2.48054899e-04 -1.75694602e-04]0[0m
-- [92m[ 0. 10.  0. 10.  0. 10.  0. 10.  0. 10.  0. 10.][[0. 0. 0. 0.]]-1[0m
        |   |   -- [91m[ 0.  10.   0.   2.5  0.   2.5  0.  10.   0.  10.   0.  10. ][-0.24453466 -0.31755583 -0.19787493 -0.20848776]2[0m
        |   |   -- [91m[ 0.  10.   0.   2.5  2.5  5.   0.  10.   0.  10.   0.  10. ][-0.21588132 -0.17756747 -0.54540926 -0.2240378 ]3[0m
        |   |   -- [91m[ 0.  10.   2.5  5.   0.   5.   0.   5.   0.  10.   0.  10. ][-0.29921579 -0.29330437 -0.2377838  -0.25783524]1[0m
            |       |   -- [92m[ 0.   10.    2.5   3.75  0.    5.    5.   10.    0.    5.    0.   10.  ][0. 0. 0. 0.]0[0m
            |       |   -- [92m[ 0.   10.    3.75  5.    0.    5.    5.   10.    0.    5.    0.   10.  ][0. 0. 0. 0.]2[0m
            |       |   -- [92m[ 0.   5.   2.5  5.   0.   5.   5.  10.   5.  10.   0.  10. ][0. 0. 0. 0.]1[0m
                    |   -- [92m[ 5.  10.   2.5  5.   0.   5.   5.  10.   5.  10.   0.  10. ][0. 0. 0. 0.]3[0m
            |   -- [91m[ 0.  10.   2.5  5.   0.   5.   5.  10.   0.  10.   0.  10. ][-2.62800907 -1.06499071 -2.99961547 -1.95944914]0[0m
    |   -- [91m[ 0. 10.  0.  5.  0.  5.  0. 10.  0. 10.  0. 10.][-0.92265982 -0.93760183 -0.89361339 -0.80287382]2[0m
    |   -- [91m[ 0. 10.  0.  5.  5. 10.  0. 10.  0. 10.  0. 10.][-0.00080823 -0.00086814 -0.00031971 -0.00080506]3[0m
    |   -- [91m[ 0. 10.  5. 10.  0. 10.  0. 10.  0. 10.  0.  5.][-0.10786326 -0.08325856 -0.09330836 -0.08869249]1[0m
        -- [91m[ 0. 10.  5. 10.  0. 10.  0. 10.  0. 10.  5. 10.][-2.76902067e-04 -2.96204422e-05 -2.48054899e-04 -1.75694602e-04]0[0m
-- [92m[ 0. 10.  0. 10.  0. 10.  0. 10.  0. 10.  0. 10.][[0. 0. 0. 0.]]-1[0m
xroots and agents b4 joblib :  6 6
